scope,domain,fold_id,metric,metric_active,target,n,spearman
all,all,-1,B,1,RGPM,5893,0.043746626335226926
all,all,-1,B,1,RGPM_v3_balanced,5893,0.043746626335226926
all,all,-1,B,1,RGPM_mahalanobis_debug,5893,0.11902619802195288
all,all,-1,B,1,RGPM_expansion_component,5893,-0.04249778945856434
all,all,-1,B,1,RGPM_bridging_component,5893,0.00415903547977966
all,all,-1,B,1,RGPM_reconfiguration_component,5893,0.11234142330680937
all,all,-1,B,1,RGPM_consolidation_component,5893,-0.014754998258529564
all,all,-1,B,1,community_reach_z,5893,-0.07623565462408827
all,all,-1,B,1,field_entropy_z,5893,-0.03374508807284459
all,all,-1,B,1,cross_community_adoption_z,5893,0.010968751202168725
all,all,-1,B,1,path_shortening_z,5893,0.08357127331546266
all,all,-1,B,1,modularity_shock_z,5893,0.20255181723393423
all,all,-1,B,1,partition_change_z,5893,0.024460705262315446
all,all,-1,B,1,boundary_mixing_z,5893,0.07486777610569138
all,all,-1,B,1,post_perturbation_concentration_z,5893,-0.031791669067531815
all,all,-1,B,1,hub_formation_z,5893,-0.0038571863297302113
all,all,-1,RS,1,RGPM,5893,0.11386133900743513
all,all,-1,RS,1,RGPM_v3_balanced,5893,0.11386133900743513
all,all,-1,RS,1,RGPM_mahalanobis_debug,5893,0.10612654782394307
all,all,-1,RS,1,RGPM_expansion_component,5893,0.12790496691463868
all,all,-1,RS,1,RGPM_bridging_component,5893,0.12611455670277416
all,all,-1,RS,1,RGPM_reconfiguration_component,5893,0.10021150527031891
all,all,-1,RS,1,RGPM_consolidation_component,5893,-0.07678270556869507
all,all,-1,RS,1,community_reach_z,5893,0.0963978394919189
all,all,-1,RS,1,field_entropy_z,5893,0.11896192617873336
all,all,-1,RS,1,cross_community_adoption_z,5893,0.10114976383785518
all,all,-1,RS,1,path_shortening_z,5893,0.3178569042219843
all,all,-1,RS,1,modularity_shock_z,5893,0.11973687905395565
all,all,-1,RS,1,partition_change_z,5893,0.18967822802050566
all,all,-1,RS,1,boundary_mixing_z,5893,-0.12915345021011385
all,all,-1,RS,1,post_perturbation_concentration_z,5893,-0.09013025114312272
all,all,-1,RS,1,hub_formation_z,5893,-0.006261703987097593
all,all,-1,DeltaQ0,1,RGPM,5893,0.16727772690900042
all,all,-1,DeltaQ0,1,RGPM_v3_balanced,5893,0.16727772690900042
all,all,-1,DeltaQ0,1,RGPM_mahalanobis_debug,5893,0.021679830098405194
all,all,-1,DeltaQ0,1,RGPM_expansion_component,5893,0.05943340272197692
all,all,-1,DeltaQ0,1,RGPM_bridging_component,5893,0.06981277553724882
all,all,-1,DeltaQ0,1,RGPM_reconfiguration_component,5893,0.2679957492269802
all,all,-1,DeltaQ0,1,RGPM_consolidation_component,5893,-0.013835201621116159
all,all,-1,DeltaQ0,1,community_reach_z,5893,0.05962199459155216
all,all,-1,DeltaQ0,1,field_entropy_z,5893,0.04633907389211876
all,all,-1,DeltaQ0,1,cross_community_adoption_z,5893,0.06040674800940529
all,all,-1,DeltaQ0,1,path_shortening_z,5893,0.06559483485870084
all,all,-1,DeltaQ0,1,modularity_shock_z,5893,0.5693970738619708
all,all,-1,DeltaQ0,1,partition_change_z,5893,0.10953493916106796
all,all,-1,DeltaQ0,1,boundary_mixing_z,5893,0.40993036466781274
all,all,-1,DeltaQ0,1,post_perturbation_concentration_z,5893,-0.011813167067413527
all,all,-1,DeltaQ0,1,hub_formation_z,5893,-0.021963464600547454
all,all,-1,Uzzi,1,RGPM,5893,-0.15060363814279445
all,all,-1,Uzzi,1,RGPM_v3_balanced,5893,-0.15060363814279445
all,all,-1,Uzzi,1,RGPM_mahalanobis_debug,5893,-0.10135658155655775
all,all,-1,Uzzi,1,RGPM_expansion_component,5893,-0.08856362936319948
all,all,-1,Uzzi,1,RGPM_bridging_component,5893,-0.07170572907541702
all,all,-1,Uzzi,1,RGPM_reconfiguration_component,5893,-0.11325805435616833
all,all,-1,Uzzi,1,RGPM_consolidation_component,5893,-0.060971119664008255
all,all,-1,Uzzi,1,community_reach_z,5893,-0.0480957713620711
all,all,-1,Uzzi,1,field_entropy_z,5893,0.005548070829131073
all,all,-1,Uzzi,1,cross_community_adoption_z,5893,0.01739246868823888
all,all,-1,Uzzi,1,path_shortening_z,5893,0.010216380801641308
all,all,-1,Uzzi,1,modularity_shock_z,5893,-0.04940510537827735
all,all,-1,Uzzi,1,partition_change_z,5893,-0.03940865580471786
all,all,-1,Uzzi,1,boundary_mixing_z,5893,0.07505756863995076
all,all,-1,Uzzi,1,post_perturbation_concentration_z,5893,-0.03924777132686026
all,all,-1,Uzzi,1,hub_formation_z,5893,0.0097430627045459
all,all,-1,RTD,1,RGPM,5893,0.1004538900895996
all,all,-1,RTD,1,RGPM_v3_balanced,5893,0.1004538900895996
all,all,-1,RTD,1,RGPM_mahalanobis_debug,5893,0.09148754593260346
all,all,-1,RTD,1,RGPM_expansion_component,5893,0.12214495650196018
all,all,-1,RTD,1,RGPM_bridging_component,5893,0.13215428653888842
all,all,-1,RTD,1,RGPM_reconfiguration_component,5893,0.09912870767966882
all,all,-1,RTD,1,RGPM_consolidation_component,5893,-0.09019128735128314
all,all,-1,RTD,1,community_reach_z,5893,0.10802058690037798
all,all,-1,RTD,1,field_entropy_z,5893,0.09756414366869574
all,all,-1,RTD,1,cross_community_adoption_z,5893,0.11685043280090475
all,all,-1,RTD,1,path_shortening_z,5893,0.25230275157425797
all,all,-1,RTD,1,modularity_shock_z,5893,0.1307720127117404
all,all,-1,RTD,1,partition_change_z,5893,0.2446836321242289
all,all,-1,RTD,1,boundary_mixing_z,5893,-0.18567999469648808
all,all,-1,RTD,1,post_perturbation_concentration_z,5893,-0.09665748634205139
all,all,-1,RTD,1,hub_formation_z,5893,-0.005971246651637424
all,all,-1,BurtIP,1,RGPM,5893,0.05294224425065119
all,all,-1,BurtIP,1,RGPM_v3_balanced,5893,0.05294224425065119
all,all,-1,BurtIP,1,RGPM_mahalanobis_debug,5893,0.09864209771598557
all,all,-1,BurtIP,1,RGPM_expansion_component,5893,-0.008184516586165607
all,all,-1,BurtIP,1,RGPM_bridging_component,5893,0.037999556868852466
all,all,-1,BurtIP,1,RGPM_reconfiguration_component,5893,0.10399107316407781
all,all,-1,BurtIP,1,RGPM_consolidation_component,5893,-0.028985789891620158
all,all,-1,BurtIP,1,community_reach_z,5893,-0.03896207708141806
all,all,-1,BurtIP,1,field_entropy_z,5893,-0.0014294313551365585
all,all,-1,BurtIP,1,cross_community_adoption_z,5893,0.04112369535679482
all,all,-1,BurtIP,1,path_shortening_z,5893,0.13886145551624343
all,all,-1,BurtIP,1,modularity_shock_z,5893,0.22386587420859666
all,all,-1,BurtIP,1,partition_change_z,5893,0.034856595500163075
all,all,-1,BurtIP,1,boundary_mixing_z,5893,0.07230067436095561
all,all,-1,BurtIP,1,post_perturbation_concentration_z,5893,-0.04511750534717455
all,all,-1,BurtIP,1,hub_formation_z,5893,-0.015856257527372186
all,all,-1,PDE,1,RGPM,5893,0.09651014548208055
all,all,-1,PDE,1,RGPM_v3_balanced,5893,0.09651014548208055
all,all,-1,PDE,1,RGPM_mahalanobis_debug,5893,0.07812101527281577
all,all,-1,PDE,1,RGPM_expansion_component,5893,0.13069740130139598
all,all,-1,PDE,1,RGPM_bridging_component,5893,0.13098472556052074
all,all,-1,PDE,1,RGPM_reconfiguration_component,5893,0.07729060860229245
all,all,-1,PDE,1,RGPM_consolidation_component,5893,-0.07798918808189242
all,all,-1,PDE,1,community_reach_z,5893,0.10494989041478449
all,all,-1,PDE,1,field_entropy_z,5893,0.12402528739533769
all,all,-1,PDE,1,cross_community_adoption_z,5893,0.10738924401837342
all,all,-1,PDE,1,path_shortening_z,5893,0.2820114904111754
all,all,-1,PDE,1,modularity_shock_z,5893,0.08480125199318074
all,all,-1,PDE,1,partition_change_z,5893,0.21154147361780234
all,all,-1,PDE,1,boundary_mixing_z,5893,-0.16244868907176344
all,all,-1,PDE,1,post_perturbation_concentration_z,5893,-0.08874526396142704
all,all,-1,PDE,1,hub_formation_z,5893,-0.009388814001522014
domain,crispr,-1,B,1,RGPM,1817,0.01991295514700061
domain,crispr,-1,B,1,RGPM_v3_balanced,1817,0.01991295514700061
domain,crispr,-1,B,1,RGPM_mahalanobis_debug,1817,0.12708851618602457
domain,crispr,-1,B,1,RGPM_expansion_component,1817,-0.041821980412005834
domain,crispr,-1,B,1,RGPM_bridging_component,1817,0.032670066687703135
domain,crispr,-1,B,1,RGPM_reconfiguration_component,1817,0.04848090781926916
domain,crispr,-1,B,1,RGPM_consolidation_component,1817,-0.03854072037227968
domain,crispr,-1,B,1,community_reach_z,1817,-0.0864069431396248
domain,crispr,-1,B,1,field_entropy_z,1817,-0.03862855999415415
domain,crispr,-1,B,1,cross_community_adoption_z,1817,0.028966545267081166
domain,crispr,-1,B,1,path_shortening_z,1817,0.03464178411887157
domain,crispr,-1,B,1,modularity_shock_z,1817,0.15073591453139568
domain,crispr,-1,B,1,partition_change_z,1817,-0.046932055891969075
domain,crispr,-1,B,1,boundary_mixing_z,1817,0.02359705239503579
domain,crispr,-1,B,1,post_perturbation_concentration_z,1817,-0.06852321717373655
domain,crispr,-1,B,1,hub_formation_z,1817,-0.01354151854142331
domain,crispr,-1,RS,1,RGPM,1817,0.10517130512493898
domain,crispr,-1,RS,1,RGPM_v3_balanced,1817,0.10517130512493898
domain,crispr,-1,RS,1,RGPM_mahalanobis_debug,1817,0.10390816501270522
domain,crispr,-1,RS,1,RGPM_expansion_component,1817,0.13741555957963753
domain,crispr,-1,RS,1,RGPM_bridging_component,1817,0.17921553633385165
domain,crispr,-1,RS,1,RGPM_reconfiguration_component,1817,0.0730948218060475
domain,crispr,-1,RS,1,RGPM_consolidation_component,1817,-0.1033806985119538
domain,crispr,-1,RS,1,community_reach_z,1817,0.11529007796021838
domain,crispr,-1,RS,1,field_entropy_z,1817,0.142731795724139
domain,crispr,-1,RS,1,cross_community_adoption_z,1817,0.1623469779057914
domain,crispr,-1,RS,1,path_shortening_z,1817,0.31828611618090813
domain,crispr,-1,RS,1,modularity_shock_z,1817,0.09192611945334501
domain,crispr,-1,RS,1,partition_change_z,1817,0.2362501870462885
domain,crispr,-1,RS,1,boundary_mixing_z,1817,-0.13988559755760274
domain,crispr,-1,RS,1,post_perturbation_concentration_z,1817,-0.13599258299721148
domain,crispr,-1,RS,1,hub_formation_z,1817,0.003168661113513896
domain,crispr,-1,DeltaQ0,1,RGPM,1817,0.15982729677218704
domain,crispr,-1,DeltaQ0,1,RGPM_v3_balanced,1817,0.15982729677218704
domain,crispr,-1,DeltaQ0,1,RGPM_mahalanobis_debug,1817,0.019849268002883964
domain,crispr,-1,DeltaQ0,1,RGPM_expansion_component,1817,0.09290802640566932
domain,crispr,-1,DeltaQ0,1,RGPM_bridging_component,1817,0.12297144666488252
domain,crispr,-1,DeltaQ0,1,RGPM_reconfiguration_component,1817,0.23864565791238013
domain,crispr,-1,DeltaQ0,1,RGPM_consolidation_component,1817,-0.0295958101060705
domain,crispr,-1,DeltaQ0,1,community_reach_z,1817,0.07716039155791436
domain,crispr,-1,DeltaQ0,1,field_entropy_z,1817,0.09039182328529245
domain,crispr,-1,DeltaQ0,1,cross_community_adoption_z,1817,0.11440848475220725
domain,crispr,-1,DeltaQ0,1,path_shortening_z,1817,0.0772543475167647
domain,crispr,-1,DeltaQ0,1,modularity_shock_z,1817,0.5090468995610553
domain,crispr,-1,DeltaQ0,1,partition_change_z,1817,0.13728681127229317
domain,crispr,-1,DeltaQ0,1,boundary_mixing_z,1817,0.3347241580559797
domain,crispr,-1,DeltaQ0,1,post_perturbation_concentration_z,1817,-0.04350453892488058
domain,crispr,-1,DeltaQ0,1,hub_formation_z,1817,-0.03917887597159363
domain,crispr,-1,Uzzi,1,RGPM,1817,-0.21075754211022665
domain,crispr,-1,Uzzi,1,RGPM_v3_balanced,1817,-0.21075754211022665
domain,crispr,-1,Uzzi,1,RGPM_mahalanobis_debug,1817,-0.18706845881292375
domain,crispr,-1,Uzzi,1,RGPM_expansion_component,1817,-0.09572922663465779
domain,crispr,-1,Uzzi,1,RGPM_bridging_component,1817,-0.13459450650620594
domain,crispr,-1,Uzzi,1,RGPM_reconfiguration_component,1817,-0.1704722991259275
domain,crispr,-1,Uzzi,1,RGPM_consolidation_component,1817,-0.08161297650039524
domain,crispr,-1,Uzzi,1,community_reach_z,1817,-0.01395394909770167
domain,crispr,-1,Uzzi,1,field_entropy_z,1817,-0.003452583271661665
domain,crispr,-1,Uzzi,1,cross_community_adoption_z,1817,-0.01032995926046592
domain,crispr,-1,Uzzi,1,path_shortening_z,1817,0.011146532582228249
domain,crispr,-1,Uzzi,1,modularity_shock_z,1817,-0.07018311338900117
domain,crispr,-1,Uzzi,1,partition_change_z,1817,-0.034053085012062737
domain,crispr,-1,Uzzi,1,boundary_mixing_z,1817,0.08677077046603733
domain,crispr,-1,Uzzi,1,post_perturbation_concentration_z,1817,-0.031158719155469545
domain,crispr,-1,Uzzi,1,hub_formation_z,1817,0.01940967681729893
domain,crispr,-1,RTD,1,RGPM,1817,0.08613714338774356
domain,crispr,-1,RTD,1,RGPM_v3_balanced,1817,0.08613714338774356
domain,crispr,-1,RTD,1,RGPM_mahalanobis_debug,1817,0.0814151504483239
domain,crispr,-1,RTD,1,RGPM_expansion_component,1817,0.12260811402875531
domain,crispr,-1,RTD,1,RGPM_bridging_component,1817,0.16728592065535206
domain,crispr,-1,RTD,1,RGPM_reconfiguration_component,1817,0.06256987877631201
domain,crispr,-1,RTD,1,RGPM_consolidation_component,1817,-0.10271266862909474
domain,crispr,-1,RTD,1,community_reach_z,1817,0.10645978611308399
domain,crispr,-1,RTD,1,field_entropy_z,1817,0.13978330867923688
domain,crispr,-1,RTD,1,cross_community_adoption_z,1817,0.15729912137928892
domain,crispr,-1,RTD,1,path_shortening_z,1817,0.24182765533006126
domain,crispr,-1,RTD,1,modularity_shock_z,1817,0.07569948052138561
domain,crispr,-1,RTD,1,partition_change_z,1817,0.2545296977917946
domain,crispr,-1,RTD,1,boundary_mixing_z,1817,-0.1747621174813953
domain,crispr,-1,RTD,1,post_perturbation_concentration_z,1817,-0.13412179377004552
domain,crispr,-1,RTD,1,hub_formation_z,1817,0.015972493164528912
domain,crispr,-1,BurtIP,1,RGPM,1817,0.02375037741064862
domain,crispr,-1,BurtIP,1,RGPM_v3_balanced,1817,0.02375037741064862
domain,crispr,-1,BurtIP,1,RGPM_mahalanobis_debug,1817,0.07780720140738309
domain,crispr,-1,BurtIP,1,RGPM_expansion_component,1817,0.003708476791191441
domain,crispr,-1,BurtIP,1,RGPM_bridging_component,1817,0.07449118120658942
domain,crispr,-1,BurtIP,1,RGPM_reconfiguration_component,1817,0.037977649917023994
domain,crispr,-1,BurtIP,1,RGPM_consolidation_component,1817,-0.03978552268614429
domain,crispr,-1,BurtIP,1,community_reach_z,1817,-0.04121537848799248
domain,crispr,-1,BurtIP,1,field_entropy_z,1817,0.007449375278644531
domain,crispr,-1,BurtIP,1,cross_community_adoption_z,1817,0.06469374463234175
domain,crispr,-1,BurtIP,1,path_shortening_z,1817,0.10447135208240237
domain,crispr,-1,BurtIP,1,modularity_shock_z,1817,0.20224587936597765
domain,crispr,-1,BurtIP,1,partition_change_z,1817,-0.030219568936468846
domain,crispr,-1,BurtIP,1,boundary_mixing_z,1817,0.026728095214253685
domain,crispr,-1,BurtIP,1,post_perturbation_concentration_z,1817,-0.07389853804469496
domain,crispr,-1,BurtIP,1,hub_formation_z,1817,-0.014614428072843607
domain,crispr,-1,PDE,1,RGPM,1817,0.0929349698602299
domain,crispr,-1,PDE,1,RGPM_v3_balanced,1817,0.0929349698602299
domain,crispr,-1,PDE,1,RGPM_mahalanobis_debug,1817,0.06778775179166142
domain,crispr,-1,PDE,1,RGPM_expansion_component,1817,0.13670889486259943
domain,crispr,-1,PDE,1,RGPM_bridging_component,1817,0.1729563809296456
domain,crispr,-1,PDE,1,RGPM_reconfiguration_component,1817,0.06396993046314187
domain,crispr,-1,PDE,1,RGPM_consolidation_component,1817,-0.09406738772593526
domain,crispr,-1,PDE,1,community_reach_z,1817,0.12216234707006425
domain,crispr,-1,PDE,1,field_entropy_z,1817,0.1532545932269284
domain,crispr,-1,PDE,1,cross_community_adoption_z,1817,0.16021109632153774
domain,crispr,-1,PDE,1,path_shortening_z,1817,0.2760898351951229
domain,crispr,-1,PDE,1,modularity_shock_z,1817,0.07798483280118237
domain,crispr,-1,PDE,1,partition_change_z,1817,0.249703311310482
domain,crispr,-1,PDE,1,boundary_mixing_z,1817,-0.15222642663614178
domain,crispr,-1,PDE,1,post_perturbation_concentration_z,1817,-0.12544744747180853
domain,crispr,-1,PDE,1,hub_formation_z,1817,0.0047730118813146035
domain,graphene_2d_materials,-1,B,1,RGPM,998,0.03565089393409456
domain,graphene_2d_materials,-1,B,1,RGPM_v3_balanced,998,0.03565089393409456
domain,graphene_2d_materials,-1,B,1,RGPM_mahalanobis_debug,998,0.07436278414001701
domain,graphene_2d_materials,-1,B,1,RGPM_expansion_component,998,-0.049157118567650836
domain,graphene_2d_materials,-1,B,1,RGPM_bridging_component,998,-0.005925200320681788
domain,graphene_2d_materials,-1,B,1,RGPM_reconfiguration_component,998,0.08422300825153055
domain,graphene_2d_materials,-1,B,1,RGPM_consolidation_component,998,0.02776938231102481
domain,graphene_2d_materials,-1,B,1,community_reach_z,998,-0.06517760978347119
domain,graphene_2d_materials,-1,B,1,field_entropy_z,998,-0.022128929699701573
domain,graphene_2d_materials,-1,B,1,cross_community_adoption_z,998,0.0028202677317986716
domain,graphene_2d_materials,-1,B,1,path_shortening_z,998,0.11220594477761105
domain,graphene_2d_materials,-1,B,1,modularity_shock_z,998,0.15341749647214892
domain,graphene_2d_materials,-1,B,1,partition_change_z,998,-0.02594986757298815
domain,graphene_2d_materials,-1,B,1,boundary_mixing_z,998,0.07250761209495848
domain,graphene_2d_materials,-1,B,1,post_perturbation_concentration_z,998,0.0027353047900252133
domain,graphene_2d_materials,-1,B,1,hub_formation_z,998,-0.030470495550249492
domain,graphene_2d_materials,-1,RS,1,RGPM,998,0.14557084593890654
domain,graphene_2d_materials,-1,RS,1,RGPM_v3_balanced,998,0.14557084593890654
domain,graphene_2d_materials,-1,RS,1,RGPM_mahalanobis_debug,998,0.09521458793658456
domain,graphene_2d_materials,-1,RS,1,RGPM_expansion_component,998,0.23380057356481326
domain,graphene_2d_materials,-1,RS,1,RGPM_bridging_component,998,0.18491839807800178
domain,graphene_2d_materials,-1,RS,1,RGPM_reconfiguration_component,998,0.13182523108779728
domain,graphene_2d_materials,-1,RS,1,RGPM_consolidation_component,998,-0.13098956429027367
domain,graphene_2d_materials,-1,RS,1,community_reach_z,998,0.2043480285885012
domain,graphene_2d_materials,-1,RS,1,field_entropy_z,998,0.19859890114732706
domain,graphene_2d_materials,-1,RS,1,cross_community_adoption_z,998,0.16408795537525095
domain,graphene_2d_materials,-1,RS,1,path_shortening_z,998,0.3804017937411957
domain,graphene_2d_materials,-1,RS,1,modularity_shock_z,998,0.0962783608879564
domain,graphene_2d_materials,-1,RS,1,partition_change_z,998,0.21696810698031502
domain,graphene_2d_materials,-1,RS,1,boundary_mixing_z,998,-0.1463603412873531
domain,graphene_2d_materials,-1,RS,1,post_perturbation_concentration_z,998,-0.12891248174556003
domain,graphene_2d_materials,-1,RS,1,hub_formation_z,998,-0.033179227274726907
domain,graphene_2d_materials,-1,DeltaQ0,1,RGPM,998,0.1469373763031911
domain,graphene_2d_materials,-1,DeltaQ0,1,RGPM_v3_balanced,998,0.1469373763031911
domain,graphene_2d_materials,-1,DeltaQ0,1,RGPM_mahalanobis_debug,998,0.03459542219020739
domain,graphene_2d_materials,-1,DeltaQ0,1,RGPM_expansion_component,998,0.02824541985177885
domain,graphene_2d_materials,-1,DeltaQ0,1,RGPM_bridging_component,998,0.0152904195633561
domain,graphene_2d_materials,-1,DeltaQ0,1,RGPM_reconfiguration_component,998,0.24610962496203542
domain,graphene_2d_materials,-1,DeltaQ0,1,RGPM_consolidation_component,998,-0.04304297629404144
domain,graphene_2d_materials,-1,DeltaQ0,1,community_reach_z,998,0.03427713565845323
domain,graphene_2d_materials,-1,DeltaQ0,1,field_entropy_z,998,0.050682076912542236
domain,graphene_2d_materials,-1,DeltaQ0,1,cross_community_adoption_z,998,0.008774783909540604
domain,graphene_2d_materials,-1,DeltaQ0,1,path_shortening_z,998,0.018266820781545946
domain,graphene_2d_materials,-1,DeltaQ0,1,modularity_shock_z,998,0.5023828349558559
domain,graphene_2d_materials,-1,DeltaQ0,1,partition_change_z,998,0.03389819499082239
domain,graphene_2d_materials,-1,DeltaQ0,1,boundary_mixing_z,998,0.410513885213392
domain,graphene_2d_materials,-1,DeltaQ0,1,post_perturbation_concentration_z,998,-0.038092618550192824
domain,graphene_2d_materials,-1,DeltaQ0,1,hub_formation_z,998,-0.023400794285150926
domain,graphene_2d_materials,-1,Uzzi,1,RGPM,998,-0.19269680768460726
domain,graphene_2d_materials,-1,Uzzi,1,RGPM_v3_balanced,998,-0.19269680768460726
domain,graphene_2d_materials,-1,Uzzi,1,RGPM_mahalanobis_debug,998,-0.1209476294350258
domain,graphene_2d_materials,-1,Uzzi,1,RGPM_expansion_component,998,-0.07833501206528495
domain,graphene_2d_materials,-1,Uzzi,1,RGPM_bridging_component,998,-0.008223200836798493
domain,graphene_2d_materials,-1,Uzzi,1,RGPM_reconfiguration_component,998,-0.13318778703082707
domain,graphene_2d_materials,-1,Uzzi,1,RGPM_consolidation_component,998,-0.10971273267606367
domain,graphene_2d_materials,-1,Uzzi,1,community_reach_z,998,-0.024546495520890756
domain,graphene_2d_materials,-1,Uzzi,1,field_entropy_z,998,0.05366179405472333
domain,graphene_2d_materials,-1,Uzzi,1,cross_community_adoption_z,998,0.11492204600116222
domain,graphene_2d_materials,-1,Uzzi,1,path_shortening_z,998,0.1549604088156448
domain,graphene_2d_materials,-1,Uzzi,1,modularity_shock_z,998,-0.09899536815347888
domain,graphene_2d_materials,-1,Uzzi,1,partition_change_z,998,0.014047617368446865
domain,graphene_2d_materials,-1,Uzzi,1,boundary_mixing_z,998,0.05007935053762281
domain,graphene_2d_materials,-1,Uzzi,1,post_perturbation_concentration_z,998,-0.08579003884718632
domain,graphene_2d_materials,-1,Uzzi,1,hub_formation_z,998,-0.010878952163452707
domain,graphene_2d_materials,-1,RTD,1,RGPM,998,0.09916625184627557
domain,graphene_2d_materials,-1,RTD,1,RGPM_v3_balanced,998,0.09916625184627557
domain,graphene_2d_materials,-1,RTD,1,RGPM_mahalanobis_debug,998,0.0528519632765669
domain,graphene_2d_materials,-1,RTD,1,RGPM_expansion_component,998,0.23985150372216946
domain,graphene_2d_materials,-1,RTD,1,RGPM_bridging_component,998,0.17538615671572313
domain,graphene_2d_materials,-1,RTD,1,RGPM_reconfiguration_component,998,0.06709736232442697
domain,graphene_2d_materials,-1,RTD,1,RGPM_consolidation_component,998,-0.166769127750031
domain,graphene_2d_materials,-1,RTD,1,community_reach_z,998,0.20428028299510492
domain,graphene_2d_materials,-1,RTD,1,field_entropy_z,998,0.20842794468372808
domain,graphene_2d_materials,-1,RTD,1,cross_community_adoption_z,998,0.15090513172643444
domain,graphene_2d_materials,-1,RTD,1,path_shortening_z,998,0.2954879488545098
domain,graphene_2d_materials,-1,RTD,1,modularity_shock_z,998,0.06378989424529509
domain,graphene_2d_materials,-1,RTD,1,partition_change_z,998,0.2540340362812341
domain,graphene_2d_materials,-1,RTD,1,boundary_mixing_z,998,-0.2343867540662707
domain,graphene_2d_materials,-1,RTD,1,post_perturbation_concentration_z,998,-0.15953119819424463
domain,graphene_2d_materials,-1,RTD,1,hub_formation_z,998,-0.011362707421538137
domain,graphene_2d_materials,-1,BurtIP,1,RGPM,998,0.03973832632874213
domain,graphene_2d_materials,-1,BurtIP,1,RGPM_v3_balanced,998,0.03973832632874213
domain,graphene_2d_materials,-1,BurtIP,1,RGPM_mahalanobis_debug,998,0.06475435111282665
domain,graphene_2d_materials,-1,BurtIP,1,RGPM_expansion_component,998,-0.013275214358130089
domain,graphene_2d_materials,-1,BurtIP,1,RGPM_bridging_component,998,0.015075633922987117
domain,graphene_2d_materials,-1,BurtIP,1,RGPM_reconfiguration_component,998,0.08826013723980718
domain,graphene_2d_materials,-1,BurtIP,1,RGPM_consolidation_component,998,-0.006686535268162044
domain,graphene_2d_materials,-1,BurtIP,1,community_reach_z,998,-0.027335585105501204
domain,graphene_2d_materials,-1,BurtIP,1,field_entropy_z,998,0.019872299820658156
domain,graphene_2d_materials,-1,BurtIP,1,cross_community_adoption_z,998,0.024889291446615776
domain,graphene_2d_materials,-1,BurtIP,1,path_shortening_z,998,0.1368622989645632
domain,graphene_2d_materials,-1,BurtIP,1,modularity_shock_z,998,0.16866754074611726
domain,graphene_2d_materials,-1,BurtIP,1,partition_change_z,998,-0.027248797691049976
domain,graphene_2d_materials,-1,BurtIP,1,boundary_mixing_z,998,0.09804728130687652
domain,graphene_2d_materials,-1,BurtIP,1,post_perturbation_concentration_z,998,-0.028899171426716178
domain,graphene_2d_materials,-1,BurtIP,1,hub_formation_z,998,-0.06439013248366802
domain,graphene_2d_materials,-1,PDE,1,RGPM,998,0.11194817155725668
domain,graphene_2d_materials,-1,PDE,1,RGPM_v3_balanced,998,0.11194817155725668
domain,graphene_2d_materials,-1,PDE,1,RGPM_mahalanobis_debug,998,0.06143202126255732
domain,graphene_2d_materials,-1,PDE,1,RGPM_expansion_component,998,0.240429204929913
domain,graphene_2d_materials,-1,PDE,1,RGPM_bridging_component,998,0.179851459931404
domain,graphene_2d_materials,-1,PDE,1,RGPM_reconfiguration_component,998,0.08601328914170792
domain,graphene_2d_materials,-1,PDE,1,RGPM_consolidation_component,998,-0.16160535362513398
domain,graphene_2d_materials,-1,PDE,1,community_reach_z,998,0.21670125493303957
domain,graphene_2d_materials,-1,PDE,1,field_entropy_z,998,0.212048287437097
domain,graphene_2d_materials,-1,PDE,1,cross_community_adoption_z,998,0.16208707220433582
domain,graphene_2d_materials,-1,PDE,1,path_shortening_z,998,0.33756006151460444
domain,graphene_2d_materials,-1,PDE,1,modularity_shock_z,998,0.051559446953377774
domain,graphene_2d_materials,-1,PDE,1,partition_change_z,998,0.2417939199048427
domain,graphene_2d_materials,-1,PDE,1,boundary_mixing_z,998,-0.19095634046206855
domain,graphene_2d_materials,-1,PDE,1,post_perturbation_concentration_z,998,-0.1482218033907016
domain,graphene_2d_materials,-1,PDE,1,hub_formation_z,998,-0.02596432248426279
domain,ipsc_reprogramming,-1,B,1,RGPM,1972,0.04607379662149711
domain,ipsc_reprogramming,-1,B,1,RGPM_v3_balanced,1972,0.04607379662149711
domain,ipsc_reprogramming,-1,B,1,RGPM_mahalanobis_debug,1972,0.13353977904223907
domain,ipsc_reprogramming,-1,B,1,RGPM_expansion_component,1972,-0.06851814924364223
domain,ipsc_reprogramming,-1,B,1,RGPM_bridging_component,1972,0.013461853123701607
domain,ipsc_reprogramming,-1,B,1,RGPM_reconfiguration_component,1972,0.12850856260043136
domain,ipsc_reprogramming,-1,B,1,RGPM_consolidation_component,1972,-7.622549143282627e-05
domain,ipsc_reprogramming,-1,B,1,community_reach_z,1972,-0.08833056430652708
domain,ipsc_reprogramming,-1,B,1,field_entropy_z,1972,-0.058067817490986474
domain,ipsc_reprogramming,-1,B,1,cross_community_adoption_z,1972,0.015937348408583005
domain,ipsc_reprogramming,-1,B,1,path_shortening_z,1972,0.08870315070085068
domain,ipsc_reprogramming,-1,B,1,modularity_shock_z,1972,0.2665402177674257
domain,ipsc_reprogramming,-1,B,1,partition_change_z,1972,0.05756514142445033
domain,ipsc_reprogramming,-1,B,1,boundary_mixing_z,1972,0.09615055320020478
domain,ipsc_reprogramming,-1,B,1,post_perturbation_concentration_z,1972,-0.014548490223927967
domain,ipsc_reprogramming,-1,B,1,hub_formation_z,1972,0.01616437087118894
domain,ipsc_reprogramming,-1,RS,1,RGPM,1972,0.02576785917176672
domain,ipsc_reprogramming,-1,RS,1,RGPM_v3_balanced,1972,0.02576785917176672
domain,ipsc_reprogramming,-1,RS,1,RGPM_mahalanobis_debug,1972,0.05089727836168833
domain,ipsc_reprogramming,-1,RS,1,RGPM_expansion_component,1972,0.06441399578968292
domain,ipsc_reprogramming,-1,RS,1,RGPM_bridging_component,1972,0.06329354487080137
domain,ipsc_reprogramming,-1,RS,1,RGPM_reconfiguration_component,1972,-0.0008916876133716082
domain,ipsc_reprogramming,-1,RS,1,RGPM_consolidation_component,1972,-0.05222860134476177
domain,ipsc_reprogramming,-1,RS,1,community_reach_z,1972,0.030765170242892166
domain,ipsc_reprogramming,-1,RS,1,field_entropy_z,1972,0.05963973091488254
domain,ipsc_reprogramming,-1,RS,1,cross_community_adoption_z,1972,0.038996373504528746
domain,ipsc_reprogramming,-1,RS,1,path_shortening_z,1972,0.3186877466260876
domain,ipsc_reprogramming,-1,RS,1,modularity_shock_z,1972,0.12382997125465205
domain,ipsc_reprogramming,-1,RS,1,partition_change_z,1972,0.11381290442321725
domain,ipsc_reprogramming,-1,RS,1,boundary_mixing_z,1972,-0.19164153652887828
domain,ipsc_reprogramming,-1,RS,1,post_perturbation_concentration_z,1972,-0.06488019913697662
domain,ipsc_reprogramming,-1,RS,1,hub_formation_z,1972,-0.009884982514381642
domain,ipsc_reprogramming,-1,DeltaQ0,1,RGPM,1972,0.14194066815738007
domain,ipsc_reprogramming,-1,DeltaQ0,1,RGPM_v3_balanced,1972,0.14194066815738007
domain,ipsc_reprogramming,-1,DeltaQ0,1,RGPM_mahalanobis_debug,1972,-0.009270220133504342
domain,ipsc_reprogramming,-1,DeltaQ0,1,RGPM_expansion_component,1972,0.055709030469792156
domain,ipsc_reprogramming,-1,DeltaQ0,1,RGPM_bridging_component,1972,0.04715037742003768
domain,ipsc_reprogramming,-1,DeltaQ0,1,RGPM_reconfiguration_component,1972,0.23064285783040867
domain,ipsc_reprogramming,-1,DeltaQ0,1,RGPM_consolidation_component,1972,-0.012829782131150493
domain,ipsc_reprogramming,-1,DeltaQ0,1,community_reach_z,1972,0.05961283222654081
domain,ipsc_reprogramming,-1,DeltaQ0,1,field_entropy_z,1972,0.02403264493921394
domain,ipsc_reprogramming,-1,DeltaQ0,1,cross_community_adoption_z,1972,0.04982808712165902
domain,ipsc_reprogramming,-1,DeltaQ0,1,path_shortening_z,1972,0.10779145500852477
domain,ipsc_reprogramming,-1,DeltaQ0,1,modularity_shock_z,1972,0.5965296068434098
domain,ipsc_reprogramming,-1,DeltaQ0,1,partition_change_z,1972,0.0787677499143898
domain,ipsc_reprogramming,-1,DeltaQ0,1,boundary_mixing_z,1972,0.3939739732641332
domain,ipsc_reprogramming,-1,DeltaQ0,1,post_perturbation_concentration_z,1972,-0.002559175464523431
domain,ipsc_reprogramming,-1,DeltaQ0,1,hub_formation_z,1972,-0.03366374487340413
domain,ipsc_reprogramming,-1,Uzzi,1,RGPM,1972,-0.026822181853965666
domain,ipsc_reprogramming,-1,Uzzi,1,RGPM_v3_balanced,1972,-0.026822181853965666
domain,ipsc_reprogramming,-1,Uzzi,1,RGPM_mahalanobis_debug,1972,-0.00543423382156094
domain,ipsc_reprogramming,-1,Uzzi,1,RGPM_expansion_component,1972,-0.048885669757845855
domain,ipsc_reprogramming,-1,Uzzi,1,RGPM_bridging_component,1972,-0.08148328206725287
domain,ipsc_reprogramming,-1,Uzzi,1,RGPM_reconfiguration_component,1972,0.010604261765282985
domain,ipsc_reprogramming,-1,Uzzi,1,RGPM_consolidation_component,1972,0.02064622397272
domain,ipsc_reprogramming,-1,Uzzi,1,community_reach_z,1972,-0.09162495436604721
domain,ipsc_reprogramming,-1,Uzzi,1,field_entropy_z,1972,0.00681656494766141
domain,ipsc_reprogramming,-1,Uzzi,1,cross_community_adoption_z,1972,-0.07065071166122117
domain,ipsc_reprogramming,-1,Uzzi,1,path_shortening_z,1972,0.00475484608232099
domain,ipsc_reprogramming,-1,Uzzi,1,modularity_shock_z,1972,0.018332443278461546
domain,ipsc_reprogramming,-1,Uzzi,1,partition_change_z,1972,-0.044646891211544214
domain,ipsc_reprogramming,-1,Uzzi,1,boundary_mixing_z,1972,0.1255848927716117
domain,ipsc_reprogramming,-1,Uzzi,1,post_perturbation_concentration_z,1972,0.014864527328505336
domain,ipsc_reprogramming,-1,Uzzi,1,hub_formation_z,1972,0.009004783794195103
domain,ipsc_reprogramming,-1,RTD,1,RGPM,1972,0.05319549409816458
domain,ipsc_reprogramming,-1,RTD,1,RGPM_v3_balanced,1972,0.05319549409816458
domain,ipsc_reprogramming,-1,RTD,1,RGPM_mahalanobis_debug,1972,0.05168250251655344
domain,ipsc_reprogramming,-1,RTD,1,RGPM_expansion_component,1972,0.104005588492782
domain,ipsc_reprogramming,-1,RTD,1,RGPM_bridging_component,1972,0.12755126953881327
domain,ipsc_reprogramming,-1,RTD,1,RGPM_reconfiguration_component,1972,0.029458882714486243
domain,ipsc_reprogramming,-1,RTD,1,RGPM_consolidation_component,1972,-0.08924565047218257
domain,ipsc_reprogramming,-1,RTD,1,community_reach_z,1972,0.09780326784495479
domain,ipsc_reprogramming,-1,RTD,1,field_entropy_z,1972,0.03926975352006926
domain,ipsc_reprogramming,-1,RTD,1,cross_community_adoption_z,1972,0.10729753720896966
domain,ipsc_reprogramming,-1,RTD,1,path_shortening_z,1972,0.2807411735484287
domain,ipsc_reprogramming,-1,RTD,1,modularity_shock_z,1972,0.14789913820845738
domain,ipsc_reprogramming,-1,RTD,1,partition_change_z,1972,0.21388107320218638
domain,ipsc_reprogramming,-1,RTD,1,boundary_mixing_z,1972,-0.221929292862797
domain,ipsc_reprogramming,-1,RTD,1,post_perturbation_concentration_z,1972,-0.09428495834168654
domain,ipsc_reprogramming,-1,RTD,1,hub_formation_z,1972,-0.040363766517220255
domain,ipsc_reprogramming,-1,BurtIP,1,RGPM,1972,0.06628029090138474
domain,ipsc_reprogramming,-1,BurtIP,1,RGPM_v3_balanced,1972,0.06628029090138474
domain,ipsc_reprogramming,-1,BurtIP,1,RGPM_mahalanobis_debug,1972,0.12096429316638233
domain,ipsc_reprogramming,-1,BurtIP,1,RGPM_expansion_component,1972,-0.03319913829981034
domain,ipsc_reprogramming,-1,BurtIP,1,RGPM_bridging_component,1972,0.05579401856102997
domain,ipsc_reprogramming,-1,BurtIP,1,RGPM_reconfiguration_component,1972,0.12092171876222972
domain,ipsc_reprogramming,-1,BurtIP,1,RGPM_consolidation_component,1972,-0.020384161876833937
domain,ipsc_reprogramming,-1,BurtIP,1,community_reach_z,1972,-0.05186309819054418
domain,ipsc_reprogramming,-1,BurtIP,1,field_entropy_z,1972,-0.032876443298772685
domain,ipsc_reprogramming,-1,BurtIP,1,cross_community_adoption_z,1972,0.04981080310535426
domain,ipsc_reprogramming,-1,BurtIP,1,path_shortening_z,1972,0.17539277473051873
domain,ipsc_reprogramming,-1,BurtIP,1,modularity_shock_z,1972,0.27736246723477576
domain,ipsc_reprogramming,-1,BurtIP,1,partition_change_z,1972,0.0725077230766318
domain,ipsc_reprogramming,-1,BurtIP,1,boundary_mixing_z,1972,0.08520453976414881
domain,ipsc_reprogramming,-1,BurtIP,1,post_perturbation_concentration_z,1972,-0.02883047294501289
domain,ipsc_reprogramming,-1,BurtIP,1,hub_formation_z,1972,-0.008662700961252193
domain,ipsc_reprogramming,-1,PDE,1,RGPM,1972,0.025133044810094072
domain,ipsc_reprogramming,-1,PDE,1,RGPM_v3_balanced,1972,0.025133044810094072
domain,ipsc_reprogramming,-1,PDE,1,RGPM_mahalanobis_debug,1972,0.039876543044073585
domain,ipsc_reprogramming,-1,PDE,1,RGPM_expansion_component,1972,0.07199648581048114
domain,ipsc_reprogramming,-1,PDE,1,RGPM_bridging_component,1972,0.08317571917936983
domain,ipsc_reprogramming,-1,PDE,1,RGPM_reconfiguration_component,1972,-0.010153575330197161
domain,ipsc_reprogramming,-1,PDE,1,RGPM_consolidation_component,1972,-0.052238378410993755
domain,ipsc_reprogramming,-1,PDE,1,community_reach_z,1972,0.03921259839159819
domain,ipsc_reprogramming,-1,PDE,1,field_entropy_z,1972,0.060637458101352945
domain,ipsc_reprogramming,-1,PDE,1,cross_community_adoption_z,1972,0.05302469842820632
domain,ipsc_reprogramming,-1,PDE,1,path_shortening_z,1972,0.2953139449229915
domain,ipsc_reprogramming,-1,PDE,1,modularity_shock_z,1972,0.07792440848333682
domain,ipsc_reprogramming,-1,PDE,1,partition_change_z,1972,0.15607209176220002
domain,ipsc_reprogramming,-1,PDE,1,boundary_mixing_z,1972,-0.23069067825080047
domain,ipsc_reprogramming,-1,PDE,1,post_perturbation_concentration_z,1972,-0.06356219631724147
domain,ipsc_reprogramming,-1,PDE,1,hub_formation_z,1972,-0.021674600335167746
domain,transformer_foundation_models,-1,B,1,RGPM,1106,0.07634639439390214
domain,transformer_foundation_models,-1,B,1,RGPM_v3_balanced,1106,0.07634639439390214
domain,transformer_foundation_models,-1,B,1,RGPM_mahalanobis_debug,1106,0.10010427115285093
domain,transformer_foundation_models,-1,B,1,RGPM_expansion_component,1106,0.011465136565635034
domain,transformer_foundation_models,-1,B,1,RGPM_bridging_component,1106,-0.04479747180775142
domain,transformer_foundation_models,-1,B,1,RGPM_reconfiguration_component,1106,0.1935206242382706
domain,transformer_foundation_models,-1,B,1,RGPM_consolidation_component,1106,-0.0323180535501941
domain,transformer_foundation_models,-1,B,1,community_reach_z,1106,-0.04969457524787829
domain,transformer_foundation_models,-1,B,1,field_entropy_z,1106,0.01235760877519076
domain,transformer_foundation_models,-1,B,1,cross_community_adoption_z,1106,-0.042412578162898576
domain,transformer_foundation_models,-1,B,1,path_shortening_z,1106,0.17269788438051253
domain,transformer_foundation_models,-1,B,1,modularity_shock_z,1106,0.18956748920040595
domain,transformer_foundation_models,-1,B,1,partition_change_z,1106,0.1097736578199966
domain,transformer_foundation_models,-1,B,1,boundary_mixing_z,1106,0.11545334493676968
domain,transformer_foundation_models,-1,B,1,post_perturbation_concentration_z,1106,-0.02391011313653933
domain,transformer_foundation_models,-1,B,1,hub_formation_z,1106,0.0023952964310118
domain,transformer_foundation_models,-1,RS,1,RGPM,1106,0.232553153430593
domain,transformer_foundation_models,-1,RS,1,RGPM_v3_balanced,1106,0.232553153430593
domain,transformer_foundation_models,-1,RS,1,RGPM_mahalanobis_debug,1106,0.2095116800789392
domain,transformer_foundation_models,-1,RS,1,RGPM_expansion_component,1106,0.12068652948811542
domain,transformer_foundation_models,-1,RS,1,RGPM_bridging_component,1106,0.10762428091656599
domain,transformer_foundation_models,-1,RS,1,RGPM_reconfiguration_component,1106,0.28690601738868254
domain,transformer_foundation_models,-1,RS,1,RGPM_consolidation_component,1106,0.001904160550814175
domain,transformer_foundation_models,-1,RS,1,community_reach_z,1106,0.07643204783880093
domain,transformer_foundation_models,-1,RS,1,field_entropy_z,1106,0.11695893354434689
domain,transformer_foundation_models,-1,RS,1,cross_community_adoption_z,1106,0.05114666053655686
domain,transformer_foundation_models,-1,RS,1,path_shortening_z,1106,0.26294491061807607
domain,transformer_foundation_models,-1,RS,1,modularity_shock_z,1106,0.1824858661035669
domain,transformer_foundation_models,-1,RS,1,partition_change_z,1106,0.22101406363009504
domain,transformer_foundation_models,-1,RS,1,boundary_mixing_z,1106,0.012725761989268159
domain,transformer_foundation_models,-1,RS,1,post_perturbation_concentration_z,1106,-0.01069761690629228
domain,transformer_foundation_models,-1,RS,1,hub_formation_z,1106,0.00019892378143068916
domain,transformer_foundation_models,-1,DeltaQ0,1,RGPM,1106,0.21635381895368436
domain,transformer_foundation_models,-1,DeltaQ0,1,RGPM_v3_balanced,1106,0.21635381895368436
domain,transformer_foundation_models,-1,DeltaQ0,1,RGPM_mahalanobis_debug,1106,0.02203899720130914
domain,transformer_foundation_models,-1,DeltaQ0,1,RGPM_expansion_component,1106,0.040295860230680706
domain,transformer_foundation_models,-1,DeltaQ0,1,RGPM_bridging_component,1106,0.0646020312713216
domain,transformer_foundation_models,-1,DeltaQ0,1,RGPM_reconfiguration_component,1106,0.37593817375374033
domain,transformer_foundation_models,-1,DeltaQ0,1,RGPM_consolidation_component,1106,0.03559391640850024
domain,transformer_foundation_models,-1,DeltaQ0,1,community_reach_z,1106,0.057430757856177836
domain,transformer_foundation_models,-1,DeltaQ0,1,field_entropy_z,1106,0.004628154795965005
domain,transformer_foundation_models,-1,DeltaQ0,1,cross_community_adoption_z,1106,0.03170708122923378
domain,transformer_foundation_models,-1,DeltaQ0,1,path_shortening_z,1106,0.01628291661440786
domain,transformer_foundation_models,-1,DeltaQ0,1,modularity_shock_z,1106,0.6407243268069642
domain,transformer_foundation_models,-1,DeltaQ0,1,partition_change_z,1106,0.17431462614000207
domain,transformer_foundation_models,-1,DeltaQ0,1,boundary_mixing_z,1106,0.5416450059829773
domain,transformer_foundation_models,-1,DeltaQ0,1,post_perturbation_concentration_z,1106,0.04289228697157849
domain,transformer_foundation_models,-1,DeltaQ0,1,hub_formation_z,1106,0.05236282101211753
domain,transformer_foundation_models,-1,Uzzi,1,RGPM,1106,-0.1650584059976879
domain,transformer_foundation_models,-1,Uzzi,1,RGPM_v3_balanced,1106,-0.1650584059976879
domain,transformer_foundation_models,-1,Uzzi,1,RGPM_mahalanobis_debug,1106,-0.1292423932920035
domain,transformer_foundation_models,-1,Uzzi,1,RGPM_expansion_component,1106,-0.0739258601742198
domain,transformer_foundation_models,-1,Uzzi,1,RGPM_bridging_component,1106,-0.043337694524181174
domain,transformer_foundation_models,-1,Uzzi,1,RGPM_reconfiguration_component,1106,-0.21288141859507606
domain,transformer_foundation_models,-1,Uzzi,1,RGPM_consolidation_component,1106,-0.0018761740842087881
domain,transformer_foundation_models,-1,Uzzi,1,community_reach_z,1106,-0.04281555678577696
domain,transformer_foundation_models,-1,Uzzi,1,field_entropy_z,1106,-0.06221925951384894
domain,transformer_foundation_models,-1,Uzzi,1,cross_community_adoption_z,1106,-0.000603958829900195
domain,transformer_foundation_models,-1,Uzzi,1,path_shortening_z,1106,-0.10591364325506929
domain,transformer_foundation_models,-1,Uzzi,1,modularity_shock_z,1106,-0.11391353314233633
domain,transformer_foundation_models,-1,Uzzi,1,partition_change_z,1106,-0.15239885761108485
domain,transformer_foundation_models,-1,Uzzi,1,boundary_mixing_z,1106,-0.02660260215178245
domain,transformer_foundation_models,-1,Uzzi,1,post_perturbation_concentration_z,1106,0.010428412075972724
domain,transformer_foundation_models,-1,Uzzi,1,hub_formation_z,1106,-0.018995141437571656
domain,transformer_foundation_models,-1,RTD,1,RGPM,1106,0.19006198581380665
domain,transformer_foundation_models,-1,RTD,1,RGPM_v3_balanced,1106,0.19006198581380665
domain,transformer_foundation_models,-1,RTD,1,RGPM_mahalanobis_debug,1106,0.1970052396364083
domain,transformer_foundation_models,-1,RTD,1,RGPM_expansion_component,1106,0.05199064133658282
domain,transformer_foundation_models,-1,RTD,1,RGPM_bridging_component,1106,0.06139314077039856
domain,transformer_foundation_models,-1,RTD,1,RGPM_reconfiguration_component,1106,0.2791520611219795
domain,transformer_foundation_models,-1,RTD,1,RGPM_consolidation_component,1106,0.012001969236270449
domain,transformer_foundation_models,-1,RTD,1,community_reach_z,1106,0.033842773419489644
domain,transformer_foundation_models,-1,RTD,1,field_entropy_z,1106,0.04620823153033855
domain,transformer_foundation_models,-1,RTD,1,cross_community_adoption_z,1106,0.03931667748961272
domain,transformer_foundation_models,-1,RTD,1,path_shortening_z,1106,0.1736987479378169
domain,transformer_foundation_models,-1,RTD,1,modularity_shock_z,1106,0.2209889284283331
domain,transformer_foundation_models,-1,RTD,1,partition_change_z,1106,0.25643553190181506
domain,transformer_foundation_models,-1,RTD,1,boundary_mixing_z,1106,-0.10000501626477985
domain,transformer_foundation_models,-1,RTD,1,post_perturbation_concentration_z,1106,0.020496604456135888
domain,transformer_foundation_models,-1,RTD,1,hub_formation_z,1106,0.021134515002000788
domain,transformer_foundation_models,-1,BurtIP,1,RGPM,1106,0.08404565828719496
domain,transformer_foundation_models,-1,BurtIP,1,RGPM_v3_balanced,1106,0.08404565828719496
domain,transformer_foundation_models,-1,BurtIP,1,RGPM_mahalanobis_debug,1106,0.10428671741105965
domain,transformer_foundation_models,-1,BurtIP,1,RGPM_expansion_component,1106,0.024992223028239034
domain,transformer_foundation_models,-1,BurtIP,1,RGPM_bridging_component,1106,-0.022546741086817527
domain,transformer_foundation_models,-1,BurtIP,1,RGPM_reconfiguration_component,1106,0.17937082187688583
domain,transformer_foundation_models,-1,BurtIP,1,RGPM_consolidation_component,1106,-0.032397146970712706
domain,transformer_foundation_models,-1,BurtIP,1,community_reach_z,1106,-0.02474942760255103
domain,transformer_foundation_models,-1,BurtIP,1,field_entropy_z,1106,0.025189273922054146
domain,transformer_foundation_models,-1,BurtIP,1,cross_community_adoption_z,1106,-0.019803979060785598
domain,transformer_foundation_models,-1,BurtIP,1,path_shortening_z,1106,0.17373357237116704
domain,transformer_foundation_models,-1,BurtIP,1,modularity_shock_z,1106,0.19449540128955337
domain,transformer_foundation_models,-1,BurtIP,1,partition_change_z,1106,0.11373001009961912
domain,transformer_foundation_models,-1,BurtIP,1,boundary_mixing_z,1106,0.0944173222979061
domain,transformer_foundation_models,-1,BurtIP,1,post_perturbation_concentration_z,1106,-0.028094252839582126
domain,transformer_foundation_models,-1,BurtIP,1,hub_formation_z,1106,0.013876424513311395
domain,transformer_foundation_models,-1,PDE,1,RGPM,1106,0.22067836503607277
domain,transformer_foundation_models,-1,PDE,1,RGPM_v3_balanced,1106,0.22067836503607277
domain,transformer_foundation_models,-1,PDE,1,RGPM_mahalanobis_debug,1106,0.1983718082547427
domain,transformer_foundation_models,-1,PDE,1,RGPM_expansion_component,1106,0.12422435907827269
domain,transformer_foundation_models,-1,PDE,1,RGPM_bridging_component,1106,0.11751155068057391
domain,transformer_foundation_models,-1,PDE,1,RGPM_reconfiguration_component,1106,0.26542417399020257
domain,transformer_foundation_models,-1,PDE,1,RGPM_consolidation_component,1106,0.0020411748111839384
domain,transformer_foundation_models,-1,PDE,1,community_reach_z,1106,0.09248195985077538
domain,transformer_foundation_models,-1,PDE,1,field_entropy_z,1106,0.13001104159865626
domain,transformer_foundation_models,-1,PDE,1,cross_community_adoption_z,1106,0.07255847352814002
domain,transformer_foundation_models,-1,PDE,1,path_shortening_z,1106,0.20164044456624233
domain,transformer_foundation_models,-1,PDE,1,modularity_shock_z,1106,0.15765927873177193
domain,transformer_foundation_models,-1,PDE,1,partition_change_z,1106,0.22172304279568628
domain,transformer_foundation_models,-1,PDE,1,boundary_mixing_z,1106,-0.011838994246795015
domain,transformer_foundation_models,-1,PDE,1,post_perturbation_concentration_z,1106,-0.010142525189825759
domain,transformer_foundation_models,-1,PDE,1,hub_formation_z,1106,-0.004457905772523812
fold,all,1,B,1,RGPM,1817,0.01991295514700061
fold,all,1,B,1,RGPM_v3_balanced,1817,0.01991295514700061
fold,all,1,B,1,RGPM_mahalanobis_debug,1817,0.12708851618602457
fold,all,1,B,1,RGPM_expansion_component,1817,-0.041821980412005834
fold,all,1,B,1,RGPM_bridging_component,1817,0.032670066687703135
fold,all,1,B,1,RGPM_reconfiguration_component,1817,0.04848090781926916
fold,all,1,B,1,RGPM_consolidation_component,1817,-0.03854072037227968
fold,all,1,B,1,community_reach_z,1817,-0.0864069431396248
fold,all,1,B,1,field_entropy_z,1817,-0.03862855999415415
fold,all,1,B,1,cross_community_adoption_z,1817,0.028966545267081166
fold,all,1,B,1,path_shortening_z,1817,0.03464178411887157
fold,all,1,B,1,modularity_shock_z,1817,0.15073591453139568
fold,all,1,B,1,partition_change_z,1817,-0.046932055891969075
fold,all,1,B,1,boundary_mixing_z,1817,0.02359705239503579
fold,all,1,B,1,post_perturbation_concentration_z,1817,-0.06852321717373655
fold,all,1,B,1,hub_formation_z,1817,-0.01354151854142331
fold,all,1,RS,1,RGPM,1817,0.10517130512493898
fold,all,1,RS,1,RGPM_v3_balanced,1817,0.10517130512493898
fold,all,1,RS,1,RGPM_mahalanobis_debug,1817,0.10390816501270522
fold,all,1,RS,1,RGPM_expansion_component,1817,0.13741555957963753
fold,all,1,RS,1,RGPM_bridging_component,1817,0.17921553633385165
fold,all,1,RS,1,RGPM_reconfiguration_component,1817,0.0730948218060475
fold,all,1,RS,1,RGPM_consolidation_component,1817,-0.1033806985119538
fold,all,1,RS,1,community_reach_z,1817,0.11529007796021838
fold,all,1,RS,1,field_entropy_z,1817,0.142731795724139
fold,all,1,RS,1,cross_community_adoption_z,1817,0.1623469779057914
fold,all,1,RS,1,path_shortening_z,1817,0.31828611618090813
fold,all,1,RS,1,modularity_shock_z,1817,0.09192611945334501
fold,all,1,RS,1,partition_change_z,1817,0.2362501870462885
fold,all,1,RS,1,boundary_mixing_z,1817,-0.13988559755760274
fold,all,1,RS,1,post_perturbation_concentration_z,1817,-0.13599258299721148
fold,all,1,RS,1,hub_formation_z,1817,0.003168661113513896
fold,all,1,DeltaQ0,1,RGPM,1817,0.15982729677218704
fold,all,1,DeltaQ0,1,RGPM_v3_balanced,1817,0.15982729677218704
fold,all,1,DeltaQ0,1,RGPM_mahalanobis_debug,1817,0.019849268002883964
fold,all,1,DeltaQ0,1,RGPM_expansion_component,1817,0.09290802640566932
fold,all,1,DeltaQ0,1,RGPM_bridging_component,1817,0.12297144666488252
fold,all,1,DeltaQ0,1,RGPM_reconfiguration_component,1817,0.23864565791238013
fold,all,1,DeltaQ0,1,RGPM_consolidation_component,1817,-0.0295958101060705
fold,all,1,DeltaQ0,1,community_reach_z,1817,0.07716039155791436
fold,all,1,DeltaQ0,1,field_entropy_z,1817,0.09039182328529245
fold,all,1,DeltaQ0,1,cross_community_adoption_z,1817,0.11440848475220725
fold,all,1,DeltaQ0,1,path_shortening_z,1817,0.0772543475167647
fold,all,1,DeltaQ0,1,modularity_shock_z,1817,0.5090468995610553
fold,all,1,DeltaQ0,1,partition_change_z,1817,0.13728681127229317
fold,all,1,DeltaQ0,1,boundary_mixing_z,1817,0.3347241580559797
fold,all,1,DeltaQ0,1,post_perturbation_concentration_z,1817,-0.04350453892488058
fold,all,1,DeltaQ0,1,hub_formation_z,1817,-0.03917887597159363
fold,all,1,Uzzi,1,RGPM,1817,-0.21075754211022665
fold,all,1,Uzzi,1,RGPM_v3_balanced,1817,-0.21075754211022665
fold,all,1,Uzzi,1,RGPM_mahalanobis_debug,1817,-0.18706845881292375
fold,all,1,Uzzi,1,RGPM_expansion_component,1817,-0.09572922663465779
fold,all,1,Uzzi,1,RGPM_bridging_component,1817,-0.13459450650620594
fold,all,1,Uzzi,1,RGPM_reconfiguration_component,1817,-0.1704722991259275
fold,all,1,Uzzi,1,RGPM_consolidation_component,1817,-0.08161297650039524
fold,all,1,Uzzi,1,community_reach_z,1817,-0.01395394909770167
fold,all,1,Uzzi,1,field_entropy_z,1817,-0.003452583271661665
fold,all,1,Uzzi,1,cross_community_adoption_z,1817,-0.01032995926046592
fold,all,1,Uzzi,1,path_shortening_z,1817,0.011146532582228249
fold,all,1,Uzzi,1,modularity_shock_z,1817,-0.07018311338900117
fold,all,1,Uzzi,1,partition_change_z,1817,-0.034053085012062737
fold,all,1,Uzzi,1,boundary_mixing_z,1817,0.08677077046603733
fold,all,1,Uzzi,1,post_perturbation_concentration_z,1817,-0.031158719155469545
fold,all,1,Uzzi,1,hub_formation_z,1817,0.01940967681729893
fold,all,1,RTD,1,RGPM,1817,0.08613714338774356
fold,all,1,RTD,1,RGPM_v3_balanced,1817,0.08613714338774356
fold,all,1,RTD,1,RGPM_mahalanobis_debug,1817,0.0814151504483239
fold,all,1,RTD,1,RGPM_expansion_component,1817,0.12260811402875531
fold,all,1,RTD,1,RGPM_bridging_component,1817,0.16728592065535206
fold,all,1,RTD,1,RGPM_reconfiguration_component,1817,0.06256987877631201
fold,all,1,RTD,1,RGPM_consolidation_component,1817,-0.10271266862909474
fold,all,1,RTD,1,community_reach_z,1817,0.10645978611308399
fold,all,1,RTD,1,field_entropy_z,1817,0.13978330867923688
fold,all,1,RTD,1,cross_community_adoption_z,1817,0.15729912137928892
fold,all,1,RTD,1,path_shortening_z,1817,0.24182765533006126
fold,all,1,RTD,1,modularity_shock_z,1817,0.07569948052138561
fold,all,1,RTD,1,partition_change_z,1817,0.2545296977917946
fold,all,1,RTD,1,boundary_mixing_z,1817,-0.1747621174813953
fold,all,1,RTD,1,post_perturbation_concentration_z,1817,-0.13412179377004552
fold,all,1,RTD,1,hub_formation_z,1817,0.015972493164528912
fold,all,1,BurtIP,1,RGPM,1817,0.02375037741064862
fold,all,1,BurtIP,1,RGPM_v3_balanced,1817,0.02375037741064862
fold,all,1,BurtIP,1,RGPM_mahalanobis_debug,1817,0.07780720140738309
fold,all,1,BurtIP,1,RGPM_expansion_component,1817,0.003708476791191441
fold,all,1,BurtIP,1,RGPM_bridging_component,1817,0.07449118120658942
fold,all,1,BurtIP,1,RGPM_reconfiguration_component,1817,0.037977649917023994
fold,all,1,BurtIP,1,RGPM_consolidation_component,1817,-0.03978552268614429
fold,all,1,BurtIP,1,community_reach_z,1817,-0.04121537848799248
fold,all,1,BurtIP,1,field_entropy_z,1817,0.007449375278644531
fold,all,1,BurtIP,1,cross_community_adoption_z,1817,0.06469374463234175
fold,all,1,BurtIP,1,path_shortening_z,1817,0.10447135208240237
fold,all,1,BurtIP,1,modularity_shock_z,1817,0.20224587936597765
fold,all,1,BurtIP,1,partition_change_z,1817,-0.030219568936468846
fold,all,1,BurtIP,1,boundary_mixing_z,1817,0.026728095214253685
fold,all,1,BurtIP,1,post_perturbation_concentration_z,1817,-0.07389853804469496
fold,all,1,BurtIP,1,hub_formation_z,1817,-0.014614428072843607
fold,all,1,PDE,1,RGPM,1817,0.0929349698602299
fold,all,1,PDE,1,RGPM_v3_balanced,1817,0.0929349698602299
fold,all,1,PDE,1,RGPM_mahalanobis_debug,1817,0.06778775179166142
fold,all,1,PDE,1,RGPM_expansion_component,1817,0.13670889486259943
fold,all,1,PDE,1,RGPM_bridging_component,1817,0.1729563809296456
fold,all,1,PDE,1,RGPM_reconfiguration_component,1817,0.06396993046314187
fold,all,1,PDE,1,RGPM_consolidation_component,1817,-0.09406738772593526
fold,all,1,PDE,1,community_reach_z,1817,0.12216234707006425
fold,all,1,PDE,1,field_entropy_z,1817,0.1532545932269284
fold,all,1,PDE,1,cross_community_adoption_z,1817,0.16021109632153774
fold,all,1,PDE,1,path_shortening_z,1817,0.2760898351951229
fold,all,1,PDE,1,modularity_shock_z,1817,0.07798483280118237
fold,all,1,PDE,1,partition_change_z,1817,0.249703311310482
fold,all,1,PDE,1,boundary_mixing_z,1817,-0.15222642663614178
fold,all,1,PDE,1,post_perturbation_concentration_z,1817,-0.12544744747180853
fold,all,1,PDE,1,hub_formation_z,1817,0.0047730118813146035
fold,all,2,B,1,RGPM,998,0.03565089393409456
fold,all,2,B,1,RGPM_v3_balanced,998,0.03565089393409456
fold,all,2,B,1,RGPM_mahalanobis_debug,998,0.07436278414001701
fold,all,2,B,1,RGPM_expansion_component,998,-0.049157118567650836
fold,all,2,B,1,RGPM_bridging_component,998,-0.005925200320681788
fold,all,2,B,1,RGPM_reconfiguration_component,998,0.08422300825153055
fold,all,2,B,1,RGPM_consolidation_component,998,0.02776938231102481
fold,all,2,B,1,community_reach_z,998,-0.06517760978347119
fold,all,2,B,1,field_entropy_z,998,-0.022128929699701573
fold,all,2,B,1,cross_community_adoption_z,998,0.0028202677317986716
fold,all,2,B,1,path_shortening_z,998,0.11220594477761105
fold,all,2,B,1,modularity_shock_z,998,0.15341749647214892
fold,all,2,B,1,partition_change_z,998,-0.02594986757298815
fold,all,2,B,1,boundary_mixing_z,998,0.07250761209495848
fold,all,2,B,1,post_perturbation_concentration_z,998,0.0027353047900252133
fold,all,2,B,1,hub_formation_z,998,-0.030470495550249492
fold,all,2,RS,1,RGPM,998,0.14557084593890654
fold,all,2,RS,1,RGPM_v3_balanced,998,0.14557084593890654
fold,all,2,RS,1,RGPM_mahalanobis_debug,998,0.09521458793658456
fold,all,2,RS,1,RGPM_expansion_component,998,0.23380057356481326
fold,all,2,RS,1,RGPM_bridging_component,998,0.18491839807800178
fold,all,2,RS,1,RGPM_reconfiguration_component,998,0.13182523108779728
fold,all,2,RS,1,RGPM_consolidation_component,998,-0.13098956429027367
fold,all,2,RS,1,community_reach_z,998,0.2043480285885012
fold,all,2,RS,1,field_entropy_z,998,0.19859890114732706
fold,all,2,RS,1,cross_community_adoption_z,998,0.16408795537525095
fold,all,2,RS,1,path_shortening_z,998,0.3804017937411957
fold,all,2,RS,1,modularity_shock_z,998,0.0962783608879564
fold,all,2,RS,1,partition_change_z,998,0.21696810698031502
fold,all,2,RS,1,boundary_mixing_z,998,-0.1463603412873531
fold,all,2,RS,1,post_perturbation_concentration_z,998,-0.12891248174556003
fold,all,2,RS,1,hub_formation_z,998,-0.033179227274726907
fold,all,2,DeltaQ0,1,RGPM,998,0.1469373763031911
fold,all,2,DeltaQ0,1,RGPM_v3_balanced,998,0.1469373763031911
fold,all,2,DeltaQ0,1,RGPM_mahalanobis_debug,998,0.03459542219020739
fold,all,2,DeltaQ0,1,RGPM_expansion_component,998,0.02824541985177885
fold,all,2,DeltaQ0,1,RGPM_bridging_component,998,0.0152904195633561
fold,all,2,DeltaQ0,1,RGPM_reconfiguration_component,998,0.24610962496203542
fold,all,2,DeltaQ0,1,RGPM_consolidation_component,998,-0.04304297629404144
fold,all,2,DeltaQ0,1,community_reach_z,998,0.03427713565845323
fold,all,2,DeltaQ0,1,field_entropy_z,998,0.050682076912542236
fold,all,2,DeltaQ0,1,cross_community_adoption_z,998,0.008774783909540604
fold,all,2,DeltaQ0,1,path_shortening_z,998,0.018266820781545946
fold,all,2,DeltaQ0,1,modularity_shock_z,998,0.5023828349558559
fold,all,2,DeltaQ0,1,partition_change_z,998,0.03389819499082239
fold,all,2,DeltaQ0,1,boundary_mixing_z,998,0.410513885213392
fold,all,2,DeltaQ0,1,post_perturbation_concentration_z,998,-0.038092618550192824
fold,all,2,DeltaQ0,1,hub_formation_z,998,-0.023400794285150926
fold,all,2,Uzzi,1,RGPM,998,-0.19269680768460726
fold,all,2,Uzzi,1,RGPM_v3_balanced,998,-0.19269680768460726
fold,all,2,Uzzi,1,RGPM_mahalanobis_debug,998,-0.1209476294350258
fold,all,2,Uzzi,1,RGPM_expansion_component,998,-0.07833501206528495
fold,all,2,Uzzi,1,RGPM_bridging_component,998,-0.008223200836798493
fold,all,2,Uzzi,1,RGPM_reconfiguration_component,998,-0.13318778703082707
fold,all,2,Uzzi,1,RGPM_consolidation_component,998,-0.10971273267606367
fold,all,2,Uzzi,1,community_reach_z,998,-0.024546495520890756
fold,all,2,Uzzi,1,field_entropy_z,998,0.05366179405472333
fold,all,2,Uzzi,1,cross_community_adoption_z,998,0.11492204600116222
fold,all,2,Uzzi,1,path_shortening_z,998,0.1549604088156448
fold,all,2,Uzzi,1,modularity_shock_z,998,-0.09899536815347888
fold,all,2,Uzzi,1,partition_change_z,998,0.014047617368446865
fold,all,2,Uzzi,1,boundary_mixing_z,998,0.05007935053762281
fold,all,2,Uzzi,1,post_perturbation_concentration_z,998,-0.08579003884718632
fold,all,2,Uzzi,1,hub_formation_z,998,-0.010878952163452707
fold,all,2,RTD,1,RGPM,998,0.09916625184627557
fold,all,2,RTD,1,RGPM_v3_balanced,998,0.09916625184627557
fold,all,2,RTD,1,RGPM_mahalanobis_debug,998,0.0528519632765669
fold,all,2,RTD,1,RGPM_expansion_component,998,0.23985150372216946
fold,all,2,RTD,1,RGPM_bridging_component,998,0.17538615671572313
fold,all,2,RTD,1,RGPM_reconfiguration_component,998,0.06709736232442697
fold,all,2,RTD,1,RGPM_consolidation_component,998,-0.166769127750031
fold,all,2,RTD,1,community_reach_z,998,0.20428028299510492
fold,all,2,RTD,1,field_entropy_z,998,0.20842794468372808
fold,all,2,RTD,1,cross_community_adoption_z,998,0.15090513172643444
fold,all,2,RTD,1,path_shortening_z,998,0.2954879488545098
fold,all,2,RTD,1,modularity_shock_z,998,0.06378989424529509
fold,all,2,RTD,1,partition_change_z,998,0.2540340362812341
fold,all,2,RTD,1,boundary_mixing_z,998,-0.2343867540662707
fold,all,2,RTD,1,post_perturbation_concentration_z,998,-0.15953119819424463
fold,all,2,RTD,1,hub_formation_z,998,-0.011362707421538137
fold,all,2,BurtIP,1,RGPM,998,0.03973832632874213
fold,all,2,BurtIP,1,RGPM_v3_balanced,998,0.03973832632874213
fold,all,2,BurtIP,1,RGPM_mahalanobis_debug,998,0.06475435111282665
fold,all,2,BurtIP,1,RGPM_expansion_component,998,-0.013275214358130089
fold,all,2,BurtIP,1,RGPM_bridging_component,998,0.015075633922987117
fold,all,2,BurtIP,1,RGPM_reconfiguration_component,998,0.08826013723980718
fold,all,2,BurtIP,1,RGPM_consolidation_component,998,-0.006686535268162044
fold,all,2,BurtIP,1,community_reach_z,998,-0.027335585105501204
fold,all,2,BurtIP,1,field_entropy_z,998,0.019872299820658156
fold,all,2,BurtIP,1,cross_community_adoption_z,998,0.024889291446615776
fold,all,2,BurtIP,1,path_shortening_z,998,0.1368622989645632
fold,all,2,BurtIP,1,modularity_shock_z,998,0.16866754074611726
fold,all,2,BurtIP,1,partition_change_z,998,-0.027248797691049976
fold,all,2,BurtIP,1,boundary_mixing_z,998,0.09804728130687652
fold,all,2,BurtIP,1,post_perturbation_concentration_z,998,-0.028899171426716178
fold,all,2,BurtIP,1,hub_formation_z,998,-0.06439013248366802
fold,all,2,PDE,1,RGPM,998,0.11194817155725668
fold,all,2,PDE,1,RGPM_v3_balanced,998,0.11194817155725668
fold,all,2,PDE,1,RGPM_mahalanobis_debug,998,0.06143202126255732
fold,all,2,PDE,1,RGPM_expansion_component,998,0.240429204929913
fold,all,2,PDE,1,RGPM_bridging_component,998,0.179851459931404
fold,all,2,PDE,1,RGPM_reconfiguration_component,998,0.08601328914170792
fold,all,2,PDE,1,RGPM_consolidation_component,998,-0.16160535362513398
fold,all,2,PDE,1,community_reach_z,998,0.21670125493303957
fold,all,2,PDE,1,field_entropy_z,998,0.212048287437097
fold,all,2,PDE,1,cross_community_adoption_z,998,0.16208707220433582
fold,all,2,PDE,1,path_shortening_z,998,0.33756006151460444
fold,all,2,PDE,1,modularity_shock_z,998,0.051559446953377774
fold,all,2,PDE,1,partition_change_z,998,0.2417939199048427
fold,all,2,PDE,1,boundary_mixing_z,998,-0.19095634046206855
fold,all,2,PDE,1,post_perturbation_concentration_z,998,-0.1482218033907016
fold,all,2,PDE,1,hub_formation_z,998,-0.02596432248426279
fold,all,3,B,1,RGPM,1972,0.04607379662149711
fold,all,3,B,1,RGPM_v3_balanced,1972,0.04607379662149711
fold,all,3,B,1,RGPM_mahalanobis_debug,1972,0.13353977904223907
fold,all,3,B,1,RGPM_expansion_component,1972,-0.06851814924364223
fold,all,3,B,1,RGPM_bridging_component,1972,0.013461853123701607
fold,all,3,B,1,RGPM_reconfiguration_component,1972,0.12850856260043136
fold,all,3,B,1,RGPM_consolidation_component,1972,-7.622549143282627e-05
fold,all,3,B,1,community_reach_z,1972,-0.08833056430652708
fold,all,3,B,1,field_entropy_z,1972,-0.058067817490986474
fold,all,3,B,1,cross_community_adoption_z,1972,0.015937348408583005
fold,all,3,B,1,path_shortening_z,1972,0.08870315070085068
fold,all,3,B,1,modularity_shock_z,1972,0.2665402177674257
fold,all,3,B,1,partition_change_z,1972,0.05756514142445033
fold,all,3,B,1,boundary_mixing_z,1972,0.09615055320020478
fold,all,3,B,1,post_perturbation_concentration_z,1972,-0.014548490223927967
fold,all,3,B,1,hub_formation_z,1972,0.01616437087118894
fold,all,3,RS,1,RGPM,1972,0.02576785917176672
fold,all,3,RS,1,RGPM_v3_balanced,1972,0.02576785917176672
fold,all,3,RS,1,RGPM_mahalanobis_debug,1972,0.05089727836168833
fold,all,3,RS,1,RGPM_expansion_component,1972,0.06441399578968292
fold,all,3,RS,1,RGPM_bridging_component,1972,0.06329354487080137
fold,all,3,RS,1,RGPM_reconfiguration_component,1972,-0.0008916876133716082
fold,all,3,RS,1,RGPM_consolidation_component,1972,-0.05222860134476177
fold,all,3,RS,1,community_reach_z,1972,0.030765170242892166
fold,all,3,RS,1,field_entropy_z,1972,0.05963973091488254
fold,all,3,RS,1,cross_community_adoption_z,1972,0.038996373504528746
fold,all,3,RS,1,path_shortening_z,1972,0.3186877466260876
fold,all,3,RS,1,modularity_shock_z,1972,0.12382997125465205
fold,all,3,RS,1,partition_change_z,1972,0.11381290442321725
fold,all,3,RS,1,boundary_mixing_z,1972,-0.19164153652887828
fold,all,3,RS,1,post_perturbation_concentration_z,1972,-0.06488019913697662
fold,all,3,RS,1,hub_formation_z,1972,-0.009884982514381642
fold,all,3,DeltaQ0,1,RGPM,1972,0.14194066815738007
fold,all,3,DeltaQ0,1,RGPM_v3_balanced,1972,0.14194066815738007
fold,all,3,DeltaQ0,1,RGPM_mahalanobis_debug,1972,-0.009270220133504342
fold,all,3,DeltaQ0,1,RGPM_expansion_component,1972,0.055709030469792156
fold,all,3,DeltaQ0,1,RGPM_bridging_component,1972,0.04715037742003768
fold,all,3,DeltaQ0,1,RGPM_reconfiguration_component,1972,0.23064285783040867
fold,all,3,DeltaQ0,1,RGPM_consolidation_component,1972,-0.012829782131150493
fold,all,3,DeltaQ0,1,community_reach_z,1972,0.05961283222654081
fold,all,3,DeltaQ0,1,field_entropy_z,1972,0.02403264493921394
fold,all,3,DeltaQ0,1,cross_community_adoption_z,1972,0.04982808712165902
fold,all,3,DeltaQ0,1,path_shortening_z,1972,0.10779145500852477
fold,all,3,DeltaQ0,1,modularity_shock_z,1972,0.5965296068434098
fold,all,3,DeltaQ0,1,partition_change_z,1972,0.0787677499143898
fold,all,3,DeltaQ0,1,boundary_mixing_z,1972,0.3939739732641332
fold,all,3,DeltaQ0,1,post_perturbation_concentration_z,1972,-0.002559175464523431
fold,all,3,DeltaQ0,1,hub_formation_z,1972,-0.03366374487340413
fold,all,3,Uzzi,1,RGPM,1972,-0.026822181853965666
fold,all,3,Uzzi,1,RGPM_v3_balanced,1972,-0.026822181853965666
fold,all,3,Uzzi,1,RGPM_mahalanobis_debug,1972,-0.00543423382156094
fold,all,3,Uzzi,1,RGPM_expansion_component,1972,-0.048885669757845855
fold,all,3,Uzzi,1,RGPM_bridging_component,1972,-0.08148328206725287
fold,all,3,Uzzi,1,RGPM_reconfiguration_component,1972,0.010604261765282985
fold,all,3,Uzzi,1,RGPM_consolidation_component,1972,0.02064622397272
fold,all,3,Uzzi,1,community_reach_z,1972,-0.09162495436604721
fold,all,3,Uzzi,1,field_entropy_z,1972,0.00681656494766141
fold,all,3,Uzzi,1,cross_community_adoption_z,1972,-0.07065071166122117
fold,all,3,Uzzi,1,path_shortening_z,1972,0.00475484608232099
fold,all,3,Uzzi,1,modularity_shock_z,1972,0.018332443278461546
fold,all,3,Uzzi,1,partition_change_z,1972,-0.044646891211544214
fold,all,3,Uzzi,1,boundary_mixing_z,1972,0.1255848927716117
fold,all,3,Uzzi,1,post_perturbation_concentration_z,1972,0.014864527328505336
fold,all,3,Uzzi,1,hub_formation_z,1972,0.009004783794195103
fold,all,3,RTD,1,RGPM,1972,0.05319549409816458
fold,all,3,RTD,1,RGPM_v3_balanced,1972,0.05319549409816458
fold,all,3,RTD,1,RGPM_mahalanobis_debug,1972,0.05168250251655344
fold,all,3,RTD,1,RGPM_expansion_component,1972,0.104005588492782
fold,all,3,RTD,1,RGPM_bridging_component,1972,0.12755126953881327
fold,all,3,RTD,1,RGPM_reconfiguration_component,1972,0.029458882714486243
fold,all,3,RTD,1,RGPM_consolidation_component,1972,-0.08924565047218257
fold,all,3,RTD,1,community_reach_z,1972,0.09780326784495479
fold,all,3,RTD,1,field_entropy_z,1972,0.03926975352006926
fold,all,3,RTD,1,cross_community_adoption_z,1972,0.10729753720896966
fold,all,3,RTD,1,path_shortening_z,1972,0.2807411735484287
fold,all,3,RTD,1,modularity_shock_z,1972,0.14789913820845738
fold,all,3,RTD,1,partition_change_z,1972,0.21388107320218638
fold,all,3,RTD,1,boundary_mixing_z,1972,-0.221929292862797
fold,all,3,RTD,1,post_perturbation_concentration_z,1972,-0.09428495834168654
fold,all,3,RTD,1,hub_formation_z,1972,-0.040363766517220255
fold,all,3,BurtIP,1,RGPM,1972,0.06628029090138474
fold,all,3,BurtIP,1,RGPM_v3_balanced,1972,0.06628029090138474
fold,all,3,BurtIP,1,RGPM_mahalanobis_debug,1972,0.12096429316638233
fold,all,3,BurtIP,1,RGPM_expansion_component,1972,-0.03319913829981034
fold,all,3,BurtIP,1,RGPM_bridging_component,1972,0.05579401856102997
fold,all,3,BurtIP,1,RGPM_reconfiguration_component,1972,0.12092171876222972
fold,all,3,BurtIP,1,RGPM_consolidation_component,1972,-0.020384161876833937
fold,all,3,BurtIP,1,community_reach_z,1972,-0.05186309819054418
fold,all,3,BurtIP,1,field_entropy_z,1972,-0.032876443298772685
fold,all,3,BurtIP,1,cross_community_adoption_z,1972,0.04981080310535426
fold,all,3,BurtIP,1,path_shortening_z,1972,0.17539277473051873
fold,all,3,BurtIP,1,modularity_shock_z,1972,0.27736246723477576
fold,all,3,BurtIP,1,partition_change_z,1972,0.0725077230766318
fold,all,3,BurtIP,1,boundary_mixing_z,1972,0.08520453976414881
fold,all,3,BurtIP,1,post_perturbation_concentration_z,1972,-0.02883047294501289
fold,all,3,BurtIP,1,hub_formation_z,1972,-0.008662700961252193
fold,all,3,PDE,1,RGPM,1972,0.025133044810094072
fold,all,3,PDE,1,RGPM_v3_balanced,1972,0.025133044810094072
fold,all,3,PDE,1,RGPM_mahalanobis_debug,1972,0.039876543044073585
fold,all,3,PDE,1,RGPM_expansion_component,1972,0.07199648581048114
fold,all,3,PDE,1,RGPM_bridging_component,1972,0.08317571917936983
fold,all,3,PDE,1,RGPM_reconfiguration_component,1972,-0.010153575330197161
fold,all,3,PDE,1,RGPM_consolidation_component,1972,-0.052238378410993755
fold,all,3,PDE,1,community_reach_z,1972,0.03921259839159819
fold,all,3,PDE,1,field_entropy_z,1972,0.060637458101352945
fold,all,3,PDE,1,cross_community_adoption_z,1972,0.05302469842820632
fold,all,3,PDE,1,path_shortening_z,1972,0.2953139449229915
fold,all,3,PDE,1,modularity_shock_z,1972,0.07792440848333682
fold,all,3,PDE,1,partition_change_z,1972,0.15607209176220002
fold,all,3,PDE,1,boundary_mixing_z,1972,-0.23069067825080047
fold,all,3,PDE,1,post_perturbation_concentration_z,1972,-0.06356219631724147
fold,all,3,PDE,1,hub_formation_z,1972,-0.021674600335167746
fold,all,4,B,1,RGPM,1106,0.07634639439390214
fold,all,4,B,1,RGPM_v3_balanced,1106,0.07634639439390214
fold,all,4,B,1,RGPM_mahalanobis_debug,1106,0.10010427115285093
fold,all,4,B,1,RGPM_expansion_component,1106,0.011465136565635034
fold,all,4,B,1,RGPM_bridging_component,1106,-0.04479747180775142
fold,all,4,B,1,RGPM_reconfiguration_component,1106,0.1935206242382706
fold,all,4,B,1,RGPM_consolidation_component,1106,-0.0323180535501941
fold,all,4,B,1,community_reach_z,1106,-0.04969457524787829
fold,all,4,B,1,field_entropy_z,1106,0.01235760877519076
fold,all,4,B,1,cross_community_adoption_z,1106,-0.042412578162898576
fold,all,4,B,1,path_shortening_z,1106,0.17269788438051253
fold,all,4,B,1,modularity_shock_z,1106,0.18956748920040595
fold,all,4,B,1,partition_change_z,1106,0.1097736578199966
fold,all,4,B,1,boundary_mixing_z,1106,0.11545334493676968
fold,all,4,B,1,post_perturbation_concentration_z,1106,-0.02391011313653933
fold,all,4,B,1,hub_formation_z,1106,0.0023952964310118
fold,all,4,RS,1,RGPM,1106,0.232553153430593
fold,all,4,RS,1,RGPM_v3_balanced,1106,0.232553153430593
fold,all,4,RS,1,RGPM_mahalanobis_debug,1106,0.2095116800789392
fold,all,4,RS,1,RGPM_expansion_component,1106,0.12068652948811542
fold,all,4,RS,1,RGPM_bridging_component,1106,0.10762428091656599
fold,all,4,RS,1,RGPM_reconfiguration_component,1106,0.28690601738868254
fold,all,4,RS,1,RGPM_consolidation_component,1106,0.001904160550814175
fold,all,4,RS,1,community_reach_z,1106,0.07643204783880093
fold,all,4,RS,1,field_entropy_z,1106,0.11695893354434689
fold,all,4,RS,1,cross_community_adoption_z,1106,0.05114666053655686
fold,all,4,RS,1,path_shortening_z,1106,0.26294491061807607
fold,all,4,RS,1,modularity_shock_z,1106,0.1824858661035669
fold,all,4,RS,1,partition_change_z,1106,0.22101406363009504
fold,all,4,RS,1,boundary_mixing_z,1106,0.012725761989268159
fold,all,4,RS,1,post_perturbation_concentration_z,1106,-0.01069761690629228
fold,all,4,RS,1,hub_formation_z,1106,0.00019892378143068916
fold,all,4,DeltaQ0,1,RGPM,1106,0.21635381895368436
fold,all,4,DeltaQ0,1,RGPM_v3_balanced,1106,0.21635381895368436
fold,all,4,DeltaQ0,1,RGPM_mahalanobis_debug,1106,0.02203899720130914
fold,all,4,DeltaQ0,1,RGPM_expansion_component,1106,0.040295860230680706
fold,all,4,DeltaQ0,1,RGPM_bridging_component,1106,0.0646020312713216
fold,all,4,DeltaQ0,1,RGPM_reconfiguration_component,1106,0.37593817375374033
fold,all,4,DeltaQ0,1,RGPM_consolidation_component,1106,0.03559391640850024
fold,all,4,DeltaQ0,1,community_reach_z,1106,0.057430757856177836
fold,all,4,DeltaQ0,1,field_entropy_z,1106,0.004628154795965005
fold,all,4,DeltaQ0,1,cross_community_adoption_z,1106,0.03170708122923378
fold,all,4,DeltaQ0,1,path_shortening_z,1106,0.01628291661440786
fold,all,4,DeltaQ0,1,modularity_shock_z,1106,0.6407243268069642
fold,all,4,DeltaQ0,1,partition_change_z,1106,0.17431462614000207
fold,all,4,DeltaQ0,1,boundary_mixing_z,1106,0.5416450059829773
fold,all,4,DeltaQ0,1,post_perturbation_concentration_z,1106,0.04289228697157849
fold,all,4,DeltaQ0,1,hub_formation_z,1106,0.05236282101211753
fold,all,4,Uzzi,1,RGPM,1106,-0.1650584059976879
fold,all,4,Uzzi,1,RGPM_v3_balanced,1106,-0.1650584059976879
fold,all,4,Uzzi,1,RGPM_mahalanobis_debug,1106,-0.1292423932920035
fold,all,4,Uzzi,1,RGPM_expansion_component,1106,-0.0739258601742198
fold,all,4,Uzzi,1,RGPM_bridging_component,1106,-0.043337694524181174
fold,all,4,Uzzi,1,RGPM_reconfiguration_component,1106,-0.21288141859507606
fold,all,4,Uzzi,1,RGPM_consolidation_component,1106,-0.0018761740842087881
fold,all,4,Uzzi,1,community_reach_z,1106,-0.04281555678577696
fold,all,4,Uzzi,1,field_entropy_z,1106,-0.06221925951384894
fold,all,4,Uzzi,1,cross_community_adoption_z,1106,-0.000603958829900195
fold,all,4,Uzzi,1,path_shortening_z,1106,-0.10591364325506929
fold,all,4,Uzzi,1,modularity_shock_z,1106,-0.11391353314233633
fold,all,4,Uzzi,1,partition_change_z,1106,-0.15239885761108485
fold,all,4,Uzzi,1,boundary_mixing_z,1106,-0.02660260215178245
fold,all,4,Uzzi,1,post_perturbation_concentration_z,1106,0.010428412075972724
fold,all,4,Uzzi,1,hub_formation_z,1106,-0.018995141437571656
fold,all,4,RTD,1,RGPM,1106,0.19006198581380665
fold,all,4,RTD,1,RGPM_v3_balanced,1106,0.19006198581380665
fold,all,4,RTD,1,RGPM_mahalanobis_debug,1106,0.1970052396364083
fold,all,4,RTD,1,RGPM_expansion_component,1106,0.05199064133658282
fold,all,4,RTD,1,RGPM_bridging_component,1106,0.06139314077039856
fold,all,4,RTD,1,RGPM_reconfiguration_component,1106,0.2791520611219795
fold,all,4,RTD,1,RGPM_consolidation_component,1106,0.012001969236270449
fold,all,4,RTD,1,community_reach_z,1106,0.033842773419489644
fold,all,4,RTD,1,field_entropy_z,1106,0.04620823153033855
fold,all,4,RTD,1,cross_community_adoption_z,1106,0.03931667748961272
fold,all,4,RTD,1,path_shortening_z,1106,0.1736987479378169
fold,all,4,RTD,1,modularity_shock_z,1106,0.2209889284283331
fold,all,4,RTD,1,partition_change_z,1106,0.25643553190181506
fold,all,4,RTD,1,boundary_mixing_z,1106,-0.10000501626477985
fold,all,4,RTD,1,post_perturbation_concentration_z,1106,0.020496604456135888
fold,all,4,RTD,1,hub_formation_z,1106,0.021134515002000788
fold,all,4,BurtIP,1,RGPM,1106,0.08404565828719496
fold,all,4,BurtIP,1,RGPM_v3_balanced,1106,0.08404565828719496
fold,all,4,BurtIP,1,RGPM_mahalanobis_debug,1106,0.10428671741105965
fold,all,4,BurtIP,1,RGPM_expansion_component,1106,0.024992223028239034
fold,all,4,BurtIP,1,RGPM_bridging_component,1106,-0.022546741086817527
fold,all,4,BurtIP,1,RGPM_reconfiguration_component,1106,0.17937082187688583
fold,all,4,BurtIP,1,RGPM_consolidation_component,1106,-0.032397146970712706
fold,all,4,BurtIP,1,community_reach_z,1106,-0.02474942760255103
fold,all,4,BurtIP,1,field_entropy_z,1106,0.025189273922054146
fold,all,4,BurtIP,1,cross_community_adoption_z,1106,-0.019803979060785598
fold,all,4,BurtIP,1,path_shortening_z,1106,0.17373357237116704
fold,all,4,BurtIP,1,modularity_shock_z,1106,0.19449540128955337
fold,all,4,BurtIP,1,partition_change_z,1106,0.11373001009961912
fold,all,4,BurtIP,1,boundary_mixing_z,1106,0.0944173222979061
fold,all,4,BurtIP,1,post_perturbation_concentration_z,1106,-0.028094252839582126
fold,all,4,BurtIP,1,hub_formation_z,1106,0.013876424513311395
fold,all,4,PDE,1,RGPM,1106,0.22067836503607277
fold,all,4,PDE,1,RGPM_v3_balanced,1106,0.22067836503607277
fold,all,4,PDE,1,RGPM_mahalanobis_debug,1106,0.1983718082547427
fold,all,4,PDE,1,RGPM_expansion_component,1106,0.12422435907827269
fold,all,4,PDE,1,RGPM_bridging_component,1106,0.11751155068057391
fold,all,4,PDE,1,RGPM_reconfiguration_component,1106,0.26542417399020257
fold,all,4,PDE,1,RGPM_consolidation_component,1106,0.0020411748111839384
fold,all,4,PDE,1,community_reach_z,1106,0.09248195985077538
fold,all,4,PDE,1,field_entropy_z,1106,0.13001104159865626
fold,all,4,PDE,1,cross_community_adoption_z,1106,0.07255847352814002
fold,all,4,PDE,1,path_shortening_z,1106,0.20164044456624233
fold,all,4,PDE,1,modularity_shock_z,1106,0.15765927873177193
fold,all,4,PDE,1,partition_change_z,1106,0.22172304279568628
fold,all,4,PDE,1,boundary_mixing_z,1106,-0.011838994246795015
fold,all,4,PDE,1,post_perturbation_concentration_z,1106,-0.010142525189825759
fold,all,4,PDE,1,hub_formation_z,1106,-0.004457905772523812
domain_fold,crispr,1,B,1,RGPM,1817,0.01991295514700061
domain_fold,crispr,1,B,1,RGPM_v3_balanced,1817,0.01991295514700061
domain_fold,crispr,1,B,1,RGPM_mahalanobis_debug,1817,0.12708851618602457
domain_fold,crispr,1,B,1,RGPM_expansion_component,1817,-0.041821980412005834
domain_fold,crispr,1,B,1,RGPM_bridging_component,1817,0.032670066687703135
domain_fold,crispr,1,B,1,RGPM_reconfiguration_component,1817,0.04848090781926916
domain_fold,crispr,1,B,1,RGPM_consolidation_component,1817,-0.03854072037227968
domain_fold,crispr,1,B,1,community_reach_z,1817,-0.0864069431396248
domain_fold,crispr,1,B,1,field_entropy_z,1817,-0.03862855999415415
domain_fold,crispr,1,B,1,cross_community_adoption_z,1817,0.028966545267081166
domain_fold,crispr,1,B,1,path_shortening_z,1817,0.03464178411887157
domain_fold,crispr,1,B,1,modularity_shock_z,1817,0.15073591453139568
domain_fold,crispr,1,B,1,partition_change_z,1817,-0.046932055891969075
domain_fold,crispr,1,B,1,boundary_mixing_z,1817,0.02359705239503579
domain_fold,crispr,1,B,1,post_perturbation_concentration_z,1817,-0.06852321717373655
domain_fold,crispr,1,B,1,hub_formation_z,1817,-0.01354151854142331
domain_fold,crispr,1,RS,1,RGPM,1817,0.10517130512493898
domain_fold,crispr,1,RS,1,RGPM_v3_balanced,1817,0.10517130512493898
domain_fold,crispr,1,RS,1,RGPM_mahalanobis_debug,1817,0.10390816501270522
domain_fold,crispr,1,RS,1,RGPM_expansion_component,1817,0.13741555957963753
domain_fold,crispr,1,RS,1,RGPM_bridging_component,1817,0.17921553633385165
domain_fold,crispr,1,RS,1,RGPM_reconfiguration_component,1817,0.0730948218060475
domain_fold,crispr,1,RS,1,RGPM_consolidation_component,1817,-0.1033806985119538
domain_fold,crispr,1,RS,1,community_reach_z,1817,0.11529007796021838
domain_fold,crispr,1,RS,1,field_entropy_z,1817,0.142731795724139
domain_fold,crispr,1,RS,1,cross_community_adoption_z,1817,0.1623469779057914
domain_fold,crispr,1,RS,1,path_shortening_z,1817,0.31828611618090813
domain_fold,crispr,1,RS,1,modularity_shock_z,1817,0.09192611945334501
domain_fold,crispr,1,RS,1,partition_change_z,1817,0.2362501870462885
domain_fold,crispr,1,RS,1,boundary_mixing_z,1817,-0.13988559755760274
domain_fold,crispr,1,RS,1,post_perturbation_concentration_z,1817,-0.13599258299721148
domain_fold,crispr,1,RS,1,hub_formation_z,1817,0.003168661113513896
domain_fold,crispr,1,DeltaQ0,1,RGPM,1817,0.15982729677218704
domain_fold,crispr,1,DeltaQ0,1,RGPM_v3_balanced,1817,0.15982729677218704
domain_fold,crispr,1,DeltaQ0,1,RGPM_mahalanobis_debug,1817,0.019849268002883964
domain_fold,crispr,1,DeltaQ0,1,RGPM_expansion_component,1817,0.09290802640566932
domain_fold,crispr,1,DeltaQ0,1,RGPM_bridging_component,1817,0.12297144666488252
domain_fold,crispr,1,DeltaQ0,1,RGPM_reconfiguration_component,1817,0.23864565791238013
domain_fold,crispr,1,DeltaQ0,1,RGPM_consolidation_component,1817,-0.0295958101060705
domain_fold,crispr,1,DeltaQ0,1,community_reach_z,1817,0.07716039155791436
domain_fold,crispr,1,DeltaQ0,1,field_entropy_z,1817,0.09039182328529245
domain_fold,crispr,1,DeltaQ0,1,cross_community_adoption_z,1817,0.11440848475220725
domain_fold,crispr,1,DeltaQ0,1,path_shortening_z,1817,0.0772543475167647
domain_fold,crispr,1,DeltaQ0,1,modularity_shock_z,1817,0.5090468995610553
domain_fold,crispr,1,DeltaQ0,1,partition_change_z,1817,0.13728681127229317
domain_fold,crispr,1,DeltaQ0,1,boundary_mixing_z,1817,0.3347241580559797
domain_fold,crispr,1,DeltaQ0,1,post_perturbation_concentration_z,1817,-0.04350453892488058
domain_fold,crispr,1,DeltaQ0,1,hub_formation_z,1817,-0.03917887597159363
domain_fold,crispr,1,Uzzi,1,RGPM,1817,-0.21075754211022665
domain_fold,crispr,1,Uzzi,1,RGPM_v3_balanced,1817,-0.21075754211022665
domain_fold,crispr,1,Uzzi,1,RGPM_mahalanobis_debug,1817,-0.18706845881292375
domain_fold,crispr,1,Uzzi,1,RGPM_expansion_component,1817,-0.09572922663465779
domain_fold,crispr,1,Uzzi,1,RGPM_bridging_component,1817,-0.13459450650620594
domain_fold,crispr,1,Uzzi,1,RGPM_reconfiguration_component,1817,-0.1704722991259275
domain_fold,crispr,1,Uzzi,1,RGPM_consolidation_component,1817,-0.08161297650039524
domain_fold,crispr,1,Uzzi,1,community_reach_z,1817,-0.01395394909770167
domain_fold,crispr,1,Uzzi,1,field_entropy_z,1817,-0.003452583271661665
domain_fold,crispr,1,Uzzi,1,cross_community_adoption_z,1817,-0.01032995926046592
domain_fold,crispr,1,Uzzi,1,path_shortening_z,1817,0.011146532582228249
domain_fold,crispr,1,Uzzi,1,modularity_shock_z,1817,-0.07018311338900117
domain_fold,crispr,1,Uzzi,1,partition_change_z,1817,-0.034053085012062737
domain_fold,crispr,1,Uzzi,1,boundary_mixing_z,1817,0.08677077046603733
domain_fold,crispr,1,Uzzi,1,post_perturbation_concentration_z,1817,-0.031158719155469545
domain_fold,crispr,1,Uzzi,1,hub_formation_z,1817,0.01940967681729893
domain_fold,crispr,1,RTD,1,RGPM,1817,0.08613714338774356
domain_fold,crispr,1,RTD,1,RGPM_v3_balanced,1817,0.08613714338774356
domain_fold,crispr,1,RTD,1,RGPM_mahalanobis_debug,1817,0.0814151504483239
domain_fold,crispr,1,RTD,1,RGPM_expansion_component,1817,0.12260811402875531
domain_fold,crispr,1,RTD,1,RGPM_bridging_component,1817,0.16728592065535206
domain_fold,crispr,1,RTD,1,RGPM_reconfiguration_component,1817,0.06256987877631201
domain_fold,crispr,1,RTD,1,RGPM_consolidation_component,1817,-0.10271266862909474
domain_fold,crispr,1,RTD,1,community_reach_z,1817,0.10645978611308399
domain_fold,crispr,1,RTD,1,field_entropy_z,1817,0.13978330867923688
domain_fold,crispr,1,RTD,1,cross_community_adoption_z,1817,0.15729912137928892
domain_fold,crispr,1,RTD,1,path_shortening_z,1817,0.24182765533006126
domain_fold,crispr,1,RTD,1,modularity_shock_z,1817,0.07569948052138561
domain_fold,crispr,1,RTD,1,partition_change_z,1817,0.2545296977917946
domain_fold,crispr,1,RTD,1,boundary_mixing_z,1817,-0.1747621174813953
domain_fold,crispr,1,RTD,1,post_perturbation_concentration_z,1817,-0.13412179377004552
domain_fold,crispr,1,RTD,1,hub_formation_z,1817,0.015972493164528912
domain_fold,crispr,1,BurtIP,1,RGPM,1817,0.02375037741064862
domain_fold,crispr,1,BurtIP,1,RGPM_v3_balanced,1817,0.02375037741064862
domain_fold,crispr,1,BurtIP,1,RGPM_mahalanobis_debug,1817,0.07780720140738309
domain_fold,crispr,1,BurtIP,1,RGPM_expansion_component,1817,0.003708476791191441
domain_fold,crispr,1,BurtIP,1,RGPM_bridging_component,1817,0.07449118120658942
domain_fold,crispr,1,BurtIP,1,RGPM_reconfiguration_component,1817,0.037977649917023994
domain_fold,crispr,1,BurtIP,1,RGPM_consolidation_component,1817,-0.03978552268614429
domain_fold,crispr,1,BurtIP,1,community_reach_z,1817,-0.04121537848799248
domain_fold,crispr,1,BurtIP,1,field_entropy_z,1817,0.007449375278644531
domain_fold,crispr,1,BurtIP,1,cross_community_adoption_z,1817,0.06469374463234175
domain_fold,crispr,1,BurtIP,1,path_shortening_z,1817,0.10447135208240237
domain_fold,crispr,1,BurtIP,1,modularity_shock_z,1817,0.20224587936597765
domain_fold,crispr,1,BurtIP,1,partition_change_z,1817,-0.030219568936468846
domain_fold,crispr,1,BurtIP,1,boundary_mixing_z,1817,0.026728095214253685
domain_fold,crispr,1,BurtIP,1,post_perturbation_concentration_z,1817,-0.07389853804469496
domain_fold,crispr,1,BurtIP,1,hub_formation_z,1817,-0.014614428072843607
domain_fold,crispr,1,PDE,1,RGPM,1817,0.0929349698602299
domain_fold,crispr,1,PDE,1,RGPM_v3_balanced,1817,0.0929349698602299
domain_fold,crispr,1,PDE,1,RGPM_mahalanobis_debug,1817,0.06778775179166142
domain_fold,crispr,1,PDE,1,RGPM_expansion_component,1817,0.13670889486259943
domain_fold,crispr,1,PDE,1,RGPM_bridging_component,1817,0.1729563809296456
domain_fold,crispr,1,PDE,1,RGPM_reconfiguration_component,1817,0.06396993046314187
domain_fold,crispr,1,PDE,1,RGPM_consolidation_component,1817,-0.09406738772593526
domain_fold,crispr,1,PDE,1,community_reach_z,1817,0.12216234707006425
domain_fold,crispr,1,PDE,1,field_entropy_z,1817,0.1532545932269284
domain_fold,crispr,1,PDE,1,cross_community_adoption_z,1817,0.16021109632153774
domain_fold,crispr,1,PDE,1,path_shortening_z,1817,0.2760898351951229
domain_fold,crispr,1,PDE,1,modularity_shock_z,1817,0.07798483280118237
domain_fold,crispr,1,PDE,1,partition_change_z,1817,0.249703311310482
domain_fold,crispr,1,PDE,1,boundary_mixing_z,1817,-0.15222642663614178
domain_fold,crispr,1,PDE,1,post_perturbation_concentration_z,1817,-0.12544744747180853
domain_fold,crispr,1,PDE,1,hub_formation_z,1817,0.0047730118813146035
domain_fold,graphene_2d_materials,2,B,1,RGPM,998,0.03565089393409456
domain_fold,graphene_2d_materials,2,B,1,RGPM_v3_balanced,998,0.03565089393409456
domain_fold,graphene_2d_materials,2,B,1,RGPM_mahalanobis_debug,998,0.07436278414001701
domain_fold,graphene_2d_materials,2,B,1,RGPM_expansion_component,998,-0.049157118567650836
domain_fold,graphene_2d_materials,2,B,1,RGPM_bridging_component,998,-0.005925200320681788
domain_fold,graphene_2d_materials,2,B,1,RGPM_reconfiguration_component,998,0.08422300825153055
domain_fold,graphene_2d_materials,2,B,1,RGPM_consolidation_component,998,0.02776938231102481
domain_fold,graphene_2d_materials,2,B,1,community_reach_z,998,-0.06517760978347119
domain_fold,graphene_2d_materials,2,B,1,field_entropy_z,998,-0.022128929699701573
domain_fold,graphene_2d_materials,2,B,1,cross_community_adoption_z,998,0.0028202677317986716
domain_fold,graphene_2d_materials,2,B,1,path_shortening_z,998,0.11220594477761105
domain_fold,graphene_2d_materials,2,B,1,modularity_shock_z,998,0.15341749647214892
domain_fold,graphene_2d_materials,2,B,1,partition_change_z,998,-0.02594986757298815
domain_fold,graphene_2d_materials,2,B,1,boundary_mixing_z,998,0.07250761209495848
domain_fold,graphene_2d_materials,2,B,1,post_perturbation_concentration_z,998,0.0027353047900252133
domain_fold,graphene_2d_materials,2,B,1,hub_formation_z,998,-0.030470495550249492
domain_fold,graphene_2d_materials,2,RS,1,RGPM,998,0.14557084593890654
domain_fold,graphene_2d_materials,2,RS,1,RGPM_v3_balanced,998,0.14557084593890654
domain_fold,graphene_2d_materials,2,RS,1,RGPM_mahalanobis_debug,998,0.09521458793658456
domain_fold,graphene_2d_materials,2,RS,1,RGPM_expansion_component,998,0.23380057356481326
domain_fold,graphene_2d_materials,2,RS,1,RGPM_bridging_component,998,0.18491839807800178
domain_fold,graphene_2d_materials,2,RS,1,RGPM_reconfiguration_component,998,0.13182523108779728
domain_fold,graphene_2d_materials,2,RS,1,RGPM_consolidation_component,998,-0.13098956429027367
domain_fold,graphene_2d_materials,2,RS,1,community_reach_z,998,0.2043480285885012
domain_fold,graphene_2d_materials,2,RS,1,field_entropy_z,998,0.19859890114732706
domain_fold,graphene_2d_materials,2,RS,1,cross_community_adoption_z,998,0.16408795537525095
domain_fold,graphene_2d_materials,2,RS,1,path_shortening_z,998,0.3804017937411957
domain_fold,graphene_2d_materials,2,RS,1,modularity_shock_z,998,0.0962783608879564
domain_fold,graphene_2d_materials,2,RS,1,partition_change_z,998,0.21696810698031502
domain_fold,graphene_2d_materials,2,RS,1,boundary_mixing_z,998,-0.1463603412873531
domain_fold,graphene_2d_materials,2,RS,1,post_perturbation_concentration_z,998,-0.12891248174556003
domain_fold,graphene_2d_materials,2,RS,1,hub_formation_z,998,-0.033179227274726907
domain_fold,graphene_2d_materials,2,DeltaQ0,1,RGPM,998,0.1469373763031911
domain_fold,graphene_2d_materials,2,DeltaQ0,1,RGPM_v3_balanced,998,0.1469373763031911
domain_fold,graphene_2d_materials,2,DeltaQ0,1,RGPM_mahalanobis_debug,998,0.03459542219020739
domain_fold,graphene_2d_materials,2,DeltaQ0,1,RGPM_expansion_component,998,0.02824541985177885
domain_fold,graphene_2d_materials,2,DeltaQ0,1,RGPM_bridging_component,998,0.0152904195633561
domain_fold,graphene_2d_materials,2,DeltaQ0,1,RGPM_reconfiguration_component,998,0.24610962496203542
domain_fold,graphene_2d_materials,2,DeltaQ0,1,RGPM_consolidation_component,998,-0.04304297629404144
domain_fold,graphene_2d_materials,2,DeltaQ0,1,community_reach_z,998,0.03427713565845323
domain_fold,graphene_2d_materials,2,DeltaQ0,1,field_entropy_z,998,0.050682076912542236
domain_fold,graphene_2d_materials,2,DeltaQ0,1,cross_community_adoption_z,998,0.008774783909540604
domain_fold,graphene_2d_materials,2,DeltaQ0,1,path_shortening_z,998,0.018266820781545946
domain_fold,graphene_2d_materials,2,DeltaQ0,1,modularity_shock_z,998,0.5023828349558559
domain_fold,graphene_2d_materials,2,DeltaQ0,1,partition_change_z,998,0.03389819499082239
domain_fold,graphene_2d_materials,2,DeltaQ0,1,boundary_mixing_z,998,0.410513885213392
domain_fold,graphene_2d_materials,2,DeltaQ0,1,post_perturbation_concentration_z,998,-0.038092618550192824
domain_fold,graphene_2d_materials,2,DeltaQ0,1,hub_formation_z,998,-0.023400794285150926
domain_fold,graphene_2d_materials,2,Uzzi,1,RGPM,998,-0.19269680768460726
domain_fold,graphene_2d_materials,2,Uzzi,1,RGPM_v3_balanced,998,-0.19269680768460726
domain_fold,graphene_2d_materials,2,Uzzi,1,RGPM_mahalanobis_debug,998,-0.1209476294350258
domain_fold,graphene_2d_materials,2,Uzzi,1,RGPM_expansion_component,998,-0.07833501206528495
domain_fold,graphene_2d_materials,2,Uzzi,1,RGPM_bridging_component,998,-0.008223200836798493
domain_fold,graphene_2d_materials,2,Uzzi,1,RGPM_reconfiguration_component,998,-0.13318778703082707
domain_fold,graphene_2d_materials,2,Uzzi,1,RGPM_consolidation_component,998,-0.10971273267606367
domain_fold,graphene_2d_materials,2,Uzzi,1,community_reach_z,998,-0.024546495520890756
domain_fold,graphene_2d_materials,2,Uzzi,1,field_entropy_z,998,0.05366179405472333
domain_fold,graphene_2d_materials,2,Uzzi,1,cross_community_adoption_z,998,0.11492204600116222
domain_fold,graphene_2d_materials,2,Uzzi,1,path_shortening_z,998,0.1549604088156448
domain_fold,graphene_2d_materials,2,Uzzi,1,modularity_shock_z,998,-0.09899536815347888
domain_fold,graphene_2d_materials,2,Uzzi,1,partition_change_z,998,0.014047617368446865
domain_fold,graphene_2d_materials,2,Uzzi,1,boundary_mixing_z,998,0.05007935053762281
domain_fold,graphene_2d_materials,2,Uzzi,1,post_perturbation_concentration_z,998,-0.08579003884718632
domain_fold,graphene_2d_materials,2,Uzzi,1,hub_formation_z,998,-0.010878952163452707
domain_fold,graphene_2d_materials,2,RTD,1,RGPM,998,0.09916625184627557
domain_fold,graphene_2d_materials,2,RTD,1,RGPM_v3_balanced,998,0.09916625184627557
domain_fold,graphene_2d_materials,2,RTD,1,RGPM_mahalanobis_debug,998,0.0528519632765669
domain_fold,graphene_2d_materials,2,RTD,1,RGPM_expansion_component,998,0.23985150372216946
domain_fold,graphene_2d_materials,2,RTD,1,RGPM_bridging_component,998,0.17538615671572313
domain_fold,graphene_2d_materials,2,RTD,1,RGPM_reconfiguration_component,998,0.06709736232442697
domain_fold,graphene_2d_materials,2,RTD,1,RGPM_consolidation_component,998,-0.166769127750031
domain_fold,graphene_2d_materials,2,RTD,1,community_reach_z,998,0.20428028299510492
domain_fold,graphene_2d_materials,2,RTD,1,field_entropy_z,998,0.20842794468372808
domain_fold,graphene_2d_materials,2,RTD,1,cross_community_adoption_z,998,0.15090513172643444
domain_fold,graphene_2d_materials,2,RTD,1,path_shortening_z,998,0.2954879488545098
domain_fold,graphene_2d_materials,2,RTD,1,modularity_shock_z,998,0.06378989424529509
domain_fold,graphene_2d_materials,2,RTD,1,partition_change_z,998,0.2540340362812341
domain_fold,graphene_2d_materials,2,RTD,1,boundary_mixing_z,998,-0.2343867540662707
domain_fold,graphene_2d_materials,2,RTD,1,post_perturbation_concentration_z,998,-0.15953119819424463
domain_fold,graphene_2d_materials,2,RTD,1,hub_formation_z,998,-0.011362707421538137
domain_fold,graphene_2d_materials,2,BurtIP,1,RGPM,998,0.03973832632874213
domain_fold,graphene_2d_materials,2,BurtIP,1,RGPM_v3_balanced,998,0.03973832632874213
domain_fold,graphene_2d_materials,2,BurtIP,1,RGPM_mahalanobis_debug,998,0.06475435111282665
domain_fold,graphene_2d_materials,2,BurtIP,1,RGPM_expansion_component,998,-0.013275214358130089
domain_fold,graphene_2d_materials,2,BurtIP,1,RGPM_bridging_component,998,0.015075633922987117
domain_fold,graphene_2d_materials,2,BurtIP,1,RGPM_reconfiguration_component,998,0.08826013723980718
domain_fold,graphene_2d_materials,2,BurtIP,1,RGPM_consolidation_component,998,-0.006686535268162044
domain_fold,graphene_2d_materials,2,BurtIP,1,community_reach_z,998,-0.027335585105501204
domain_fold,graphene_2d_materials,2,BurtIP,1,field_entropy_z,998,0.019872299820658156
domain_fold,graphene_2d_materials,2,BurtIP,1,cross_community_adoption_z,998,0.024889291446615776
domain_fold,graphene_2d_materials,2,BurtIP,1,path_shortening_z,998,0.1368622989645632
domain_fold,graphene_2d_materials,2,BurtIP,1,modularity_shock_z,998,0.16866754074611726
domain_fold,graphene_2d_materials,2,BurtIP,1,partition_change_z,998,-0.027248797691049976
domain_fold,graphene_2d_materials,2,BurtIP,1,boundary_mixing_z,998,0.09804728130687652
domain_fold,graphene_2d_materials,2,BurtIP,1,post_perturbation_concentration_z,998,-0.028899171426716178
domain_fold,graphene_2d_materials,2,BurtIP,1,hub_formation_z,998,-0.06439013248366802
domain_fold,graphene_2d_materials,2,PDE,1,RGPM,998,0.11194817155725668
domain_fold,graphene_2d_materials,2,PDE,1,RGPM_v3_balanced,998,0.11194817155725668
domain_fold,graphene_2d_materials,2,PDE,1,RGPM_mahalanobis_debug,998,0.06143202126255732
domain_fold,graphene_2d_materials,2,PDE,1,RGPM_expansion_component,998,0.240429204929913
domain_fold,graphene_2d_materials,2,PDE,1,RGPM_bridging_component,998,0.179851459931404
domain_fold,graphene_2d_materials,2,PDE,1,RGPM_reconfiguration_component,998,0.08601328914170792
domain_fold,graphene_2d_materials,2,PDE,1,RGPM_consolidation_component,998,-0.16160535362513398
domain_fold,graphene_2d_materials,2,PDE,1,community_reach_z,998,0.21670125493303957
domain_fold,graphene_2d_materials,2,PDE,1,field_entropy_z,998,0.212048287437097
domain_fold,graphene_2d_materials,2,PDE,1,cross_community_adoption_z,998,0.16208707220433582
domain_fold,graphene_2d_materials,2,PDE,1,path_shortening_z,998,0.33756006151460444
domain_fold,graphene_2d_materials,2,PDE,1,modularity_shock_z,998,0.051559446953377774
domain_fold,graphene_2d_materials,2,PDE,1,partition_change_z,998,0.2417939199048427
domain_fold,graphene_2d_materials,2,PDE,1,boundary_mixing_z,998,-0.19095634046206855
domain_fold,graphene_2d_materials,2,PDE,1,post_perturbation_concentration_z,998,-0.1482218033907016
domain_fold,graphene_2d_materials,2,PDE,1,hub_formation_z,998,-0.02596432248426279
domain_fold,ipsc_reprogramming,3,B,1,RGPM,1972,0.04607379662149711
domain_fold,ipsc_reprogramming,3,B,1,RGPM_v3_balanced,1972,0.04607379662149711
domain_fold,ipsc_reprogramming,3,B,1,RGPM_mahalanobis_debug,1972,0.13353977904223907
domain_fold,ipsc_reprogramming,3,B,1,RGPM_expansion_component,1972,-0.06851814924364223
domain_fold,ipsc_reprogramming,3,B,1,RGPM_bridging_component,1972,0.013461853123701607
domain_fold,ipsc_reprogramming,3,B,1,RGPM_reconfiguration_component,1972,0.12850856260043136
domain_fold,ipsc_reprogramming,3,B,1,RGPM_consolidation_component,1972,-7.622549143282627e-05
domain_fold,ipsc_reprogramming,3,B,1,community_reach_z,1972,-0.08833056430652708
domain_fold,ipsc_reprogramming,3,B,1,field_entropy_z,1972,-0.058067817490986474
domain_fold,ipsc_reprogramming,3,B,1,cross_community_adoption_z,1972,0.015937348408583005
domain_fold,ipsc_reprogramming,3,B,1,path_shortening_z,1972,0.08870315070085068
domain_fold,ipsc_reprogramming,3,B,1,modularity_shock_z,1972,0.2665402177674257
domain_fold,ipsc_reprogramming,3,B,1,partition_change_z,1972,0.05756514142445033
domain_fold,ipsc_reprogramming,3,B,1,boundary_mixing_z,1972,0.09615055320020478
domain_fold,ipsc_reprogramming,3,B,1,post_perturbation_concentration_z,1972,-0.014548490223927967
domain_fold,ipsc_reprogramming,3,B,1,hub_formation_z,1972,0.01616437087118894
domain_fold,ipsc_reprogramming,3,RS,1,RGPM,1972,0.02576785917176672
domain_fold,ipsc_reprogramming,3,RS,1,RGPM_v3_balanced,1972,0.02576785917176672
domain_fold,ipsc_reprogramming,3,RS,1,RGPM_mahalanobis_debug,1972,0.05089727836168833
domain_fold,ipsc_reprogramming,3,RS,1,RGPM_expansion_component,1972,0.06441399578968292
domain_fold,ipsc_reprogramming,3,RS,1,RGPM_bridging_component,1972,0.06329354487080137
domain_fold,ipsc_reprogramming,3,RS,1,RGPM_reconfiguration_component,1972,-0.0008916876133716082
domain_fold,ipsc_reprogramming,3,RS,1,RGPM_consolidation_component,1972,-0.05222860134476177
domain_fold,ipsc_reprogramming,3,RS,1,community_reach_z,1972,0.030765170242892166
domain_fold,ipsc_reprogramming,3,RS,1,field_entropy_z,1972,0.05963973091488254
domain_fold,ipsc_reprogramming,3,RS,1,cross_community_adoption_z,1972,0.038996373504528746
domain_fold,ipsc_reprogramming,3,RS,1,path_shortening_z,1972,0.3186877466260876
domain_fold,ipsc_reprogramming,3,RS,1,modularity_shock_z,1972,0.12382997125465205
domain_fold,ipsc_reprogramming,3,RS,1,partition_change_z,1972,0.11381290442321725
domain_fold,ipsc_reprogramming,3,RS,1,boundary_mixing_z,1972,-0.19164153652887828
domain_fold,ipsc_reprogramming,3,RS,1,post_perturbation_concentration_z,1972,-0.06488019913697662
domain_fold,ipsc_reprogramming,3,RS,1,hub_formation_z,1972,-0.009884982514381642
domain_fold,ipsc_reprogramming,3,DeltaQ0,1,RGPM,1972,0.14194066815738007
domain_fold,ipsc_reprogramming,3,DeltaQ0,1,RGPM_v3_balanced,1972,0.14194066815738007
domain_fold,ipsc_reprogramming,3,DeltaQ0,1,RGPM_mahalanobis_debug,1972,-0.009270220133504342
domain_fold,ipsc_reprogramming,3,DeltaQ0,1,RGPM_expansion_component,1972,0.055709030469792156
domain_fold,ipsc_reprogramming,3,DeltaQ0,1,RGPM_bridging_component,1972,0.04715037742003768
domain_fold,ipsc_reprogramming,3,DeltaQ0,1,RGPM_reconfiguration_component,1972,0.23064285783040867
domain_fold,ipsc_reprogramming,3,DeltaQ0,1,RGPM_consolidation_component,1972,-0.012829782131150493
domain_fold,ipsc_reprogramming,3,DeltaQ0,1,community_reach_z,1972,0.05961283222654081
domain_fold,ipsc_reprogramming,3,DeltaQ0,1,field_entropy_z,1972,0.02403264493921394
domain_fold,ipsc_reprogramming,3,DeltaQ0,1,cross_community_adoption_z,1972,0.04982808712165902
domain_fold,ipsc_reprogramming,3,DeltaQ0,1,path_shortening_z,1972,0.10779145500852477
domain_fold,ipsc_reprogramming,3,DeltaQ0,1,modularity_shock_z,1972,0.5965296068434098
domain_fold,ipsc_reprogramming,3,DeltaQ0,1,partition_change_z,1972,0.0787677499143898
domain_fold,ipsc_reprogramming,3,DeltaQ0,1,boundary_mixing_z,1972,0.3939739732641332
domain_fold,ipsc_reprogramming,3,DeltaQ0,1,post_perturbation_concentration_z,1972,-0.002559175464523431
domain_fold,ipsc_reprogramming,3,DeltaQ0,1,hub_formation_z,1972,-0.03366374487340413
domain_fold,ipsc_reprogramming,3,Uzzi,1,RGPM,1972,-0.026822181853965666
domain_fold,ipsc_reprogramming,3,Uzzi,1,RGPM_v3_balanced,1972,-0.026822181853965666
domain_fold,ipsc_reprogramming,3,Uzzi,1,RGPM_mahalanobis_debug,1972,-0.00543423382156094
domain_fold,ipsc_reprogramming,3,Uzzi,1,RGPM_expansion_component,1972,-0.048885669757845855
domain_fold,ipsc_reprogramming,3,Uzzi,1,RGPM_bridging_component,1972,-0.08148328206725287
domain_fold,ipsc_reprogramming,3,Uzzi,1,RGPM_reconfiguration_component,1972,0.010604261765282985
domain_fold,ipsc_reprogramming,3,Uzzi,1,RGPM_consolidation_component,1972,0.02064622397272
domain_fold,ipsc_reprogramming,3,Uzzi,1,community_reach_z,1972,-0.09162495436604721
domain_fold,ipsc_reprogramming,3,Uzzi,1,field_entropy_z,1972,0.00681656494766141
domain_fold,ipsc_reprogramming,3,Uzzi,1,cross_community_adoption_z,1972,-0.07065071166122117
domain_fold,ipsc_reprogramming,3,Uzzi,1,path_shortening_z,1972,0.00475484608232099
domain_fold,ipsc_reprogramming,3,Uzzi,1,modularity_shock_z,1972,0.018332443278461546
domain_fold,ipsc_reprogramming,3,Uzzi,1,partition_change_z,1972,-0.044646891211544214
domain_fold,ipsc_reprogramming,3,Uzzi,1,boundary_mixing_z,1972,0.1255848927716117
domain_fold,ipsc_reprogramming,3,Uzzi,1,post_perturbation_concentration_z,1972,0.014864527328505336
domain_fold,ipsc_reprogramming,3,Uzzi,1,hub_formation_z,1972,0.009004783794195103
domain_fold,ipsc_reprogramming,3,RTD,1,RGPM,1972,0.05319549409816458
domain_fold,ipsc_reprogramming,3,RTD,1,RGPM_v3_balanced,1972,0.05319549409816458
domain_fold,ipsc_reprogramming,3,RTD,1,RGPM_mahalanobis_debug,1972,0.05168250251655344
domain_fold,ipsc_reprogramming,3,RTD,1,RGPM_expansion_component,1972,0.104005588492782
domain_fold,ipsc_reprogramming,3,RTD,1,RGPM_bridging_component,1972,0.12755126953881327
domain_fold,ipsc_reprogramming,3,RTD,1,RGPM_reconfiguration_component,1972,0.029458882714486243
domain_fold,ipsc_reprogramming,3,RTD,1,RGPM_consolidation_component,1972,-0.08924565047218257
domain_fold,ipsc_reprogramming,3,RTD,1,community_reach_z,1972,0.09780326784495479
domain_fold,ipsc_reprogramming,3,RTD,1,field_entropy_z,1972,0.03926975352006926
domain_fold,ipsc_reprogramming,3,RTD,1,cross_community_adoption_z,1972,0.10729753720896966
domain_fold,ipsc_reprogramming,3,RTD,1,path_shortening_z,1972,0.2807411735484287
domain_fold,ipsc_reprogramming,3,RTD,1,modularity_shock_z,1972,0.14789913820845738
domain_fold,ipsc_reprogramming,3,RTD,1,partition_change_z,1972,0.21388107320218638
domain_fold,ipsc_reprogramming,3,RTD,1,boundary_mixing_z,1972,-0.221929292862797
domain_fold,ipsc_reprogramming,3,RTD,1,post_perturbation_concentration_z,1972,-0.09428495834168654
domain_fold,ipsc_reprogramming,3,RTD,1,hub_formation_z,1972,-0.040363766517220255
domain_fold,ipsc_reprogramming,3,BurtIP,1,RGPM,1972,0.06628029090138474
domain_fold,ipsc_reprogramming,3,BurtIP,1,RGPM_v3_balanced,1972,0.06628029090138474
domain_fold,ipsc_reprogramming,3,BurtIP,1,RGPM_mahalanobis_debug,1972,0.12096429316638233
domain_fold,ipsc_reprogramming,3,BurtIP,1,RGPM_expansion_component,1972,-0.03319913829981034
domain_fold,ipsc_reprogramming,3,BurtIP,1,RGPM_bridging_component,1972,0.05579401856102997
domain_fold,ipsc_reprogramming,3,BurtIP,1,RGPM_reconfiguration_component,1972,0.12092171876222972
domain_fold,ipsc_reprogramming,3,BurtIP,1,RGPM_consolidation_component,1972,-0.020384161876833937
domain_fold,ipsc_reprogramming,3,BurtIP,1,community_reach_z,1972,-0.05186309819054418
domain_fold,ipsc_reprogramming,3,BurtIP,1,field_entropy_z,1972,-0.032876443298772685
domain_fold,ipsc_reprogramming,3,BurtIP,1,cross_community_adoption_z,1972,0.04981080310535426
domain_fold,ipsc_reprogramming,3,BurtIP,1,path_shortening_z,1972,0.17539277473051873
domain_fold,ipsc_reprogramming,3,BurtIP,1,modularity_shock_z,1972,0.27736246723477576
domain_fold,ipsc_reprogramming,3,BurtIP,1,partition_change_z,1972,0.0725077230766318
domain_fold,ipsc_reprogramming,3,BurtIP,1,boundary_mixing_z,1972,0.08520453976414881
domain_fold,ipsc_reprogramming,3,BurtIP,1,post_perturbation_concentration_z,1972,-0.02883047294501289
domain_fold,ipsc_reprogramming,3,BurtIP,1,hub_formation_z,1972,-0.008662700961252193
domain_fold,ipsc_reprogramming,3,PDE,1,RGPM,1972,0.025133044810094072
domain_fold,ipsc_reprogramming,3,PDE,1,RGPM_v3_balanced,1972,0.025133044810094072
domain_fold,ipsc_reprogramming,3,PDE,1,RGPM_mahalanobis_debug,1972,0.039876543044073585
domain_fold,ipsc_reprogramming,3,PDE,1,RGPM_expansion_component,1972,0.07199648581048114
domain_fold,ipsc_reprogramming,3,PDE,1,RGPM_bridging_component,1972,0.08317571917936983
domain_fold,ipsc_reprogramming,3,PDE,1,RGPM_reconfiguration_component,1972,-0.010153575330197161
domain_fold,ipsc_reprogramming,3,PDE,1,RGPM_consolidation_component,1972,-0.052238378410993755
domain_fold,ipsc_reprogramming,3,PDE,1,community_reach_z,1972,0.03921259839159819
domain_fold,ipsc_reprogramming,3,PDE,1,field_entropy_z,1972,0.060637458101352945
domain_fold,ipsc_reprogramming,3,PDE,1,cross_community_adoption_z,1972,0.05302469842820632
domain_fold,ipsc_reprogramming,3,PDE,1,path_shortening_z,1972,0.2953139449229915
domain_fold,ipsc_reprogramming,3,PDE,1,modularity_shock_z,1972,0.07792440848333682
domain_fold,ipsc_reprogramming,3,PDE,1,partition_change_z,1972,0.15607209176220002
domain_fold,ipsc_reprogramming,3,PDE,1,boundary_mixing_z,1972,-0.23069067825080047
domain_fold,ipsc_reprogramming,3,PDE,1,post_perturbation_concentration_z,1972,-0.06356219631724147
domain_fold,ipsc_reprogramming,3,PDE,1,hub_formation_z,1972,-0.021674600335167746
domain_fold,transformer_foundation_models,4,B,1,RGPM,1106,0.07634639439390214
domain_fold,transformer_foundation_models,4,B,1,RGPM_v3_balanced,1106,0.07634639439390214
domain_fold,transformer_foundation_models,4,B,1,RGPM_mahalanobis_debug,1106,0.10010427115285093
domain_fold,transformer_foundation_models,4,B,1,RGPM_expansion_component,1106,0.011465136565635034
domain_fold,transformer_foundation_models,4,B,1,RGPM_bridging_component,1106,-0.04479747180775142
domain_fold,transformer_foundation_models,4,B,1,RGPM_reconfiguration_component,1106,0.1935206242382706
domain_fold,transformer_foundation_models,4,B,1,RGPM_consolidation_component,1106,-0.0323180535501941
domain_fold,transformer_foundation_models,4,B,1,community_reach_z,1106,-0.04969457524787829
domain_fold,transformer_foundation_models,4,B,1,field_entropy_z,1106,0.01235760877519076
domain_fold,transformer_foundation_models,4,B,1,cross_community_adoption_z,1106,-0.042412578162898576
domain_fold,transformer_foundation_models,4,B,1,path_shortening_z,1106,0.17269788438051253
domain_fold,transformer_foundation_models,4,B,1,modularity_shock_z,1106,0.18956748920040595
domain_fold,transformer_foundation_models,4,B,1,partition_change_z,1106,0.1097736578199966
domain_fold,transformer_foundation_models,4,B,1,boundary_mixing_z,1106,0.11545334493676968
domain_fold,transformer_foundation_models,4,B,1,post_perturbation_concentration_z,1106,-0.02391011313653933
domain_fold,transformer_foundation_models,4,B,1,hub_formation_z,1106,0.0023952964310118
domain_fold,transformer_foundation_models,4,RS,1,RGPM,1106,0.232553153430593
domain_fold,transformer_foundation_models,4,RS,1,RGPM_v3_balanced,1106,0.232553153430593
domain_fold,transformer_foundation_models,4,RS,1,RGPM_mahalanobis_debug,1106,0.2095116800789392
domain_fold,transformer_foundation_models,4,RS,1,RGPM_expansion_component,1106,0.12068652948811542
domain_fold,transformer_foundation_models,4,RS,1,RGPM_bridging_component,1106,0.10762428091656599
domain_fold,transformer_foundation_models,4,RS,1,RGPM_reconfiguration_component,1106,0.28690601738868254
domain_fold,transformer_foundation_models,4,RS,1,RGPM_consolidation_component,1106,0.001904160550814175
domain_fold,transformer_foundation_models,4,RS,1,community_reach_z,1106,0.07643204783880093
domain_fold,transformer_foundation_models,4,RS,1,field_entropy_z,1106,0.11695893354434689
domain_fold,transformer_foundation_models,4,RS,1,cross_community_adoption_z,1106,0.05114666053655686
domain_fold,transformer_foundation_models,4,RS,1,path_shortening_z,1106,0.26294491061807607
domain_fold,transformer_foundation_models,4,RS,1,modularity_shock_z,1106,0.1824858661035669
domain_fold,transformer_foundation_models,4,RS,1,partition_change_z,1106,0.22101406363009504
domain_fold,transformer_foundation_models,4,RS,1,boundary_mixing_z,1106,0.012725761989268159
domain_fold,transformer_foundation_models,4,RS,1,post_perturbation_concentration_z,1106,-0.01069761690629228
domain_fold,transformer_foundation_models,4,RS,1,hub_formation_z,1106,0.00019892378143068916
domain_fold,transformer_foundation_models,4,DeltaQ0,1,RGPM,1106,0.21635381895368436
domain_fold,transformer_foundation_models,4,DeltaQ0,1,RGPM_v3_balanced,1106,0.21635381895368436
domain_fold,transformer_foundation_models,4,DeltaQ0,1,RGPM_mahalanobis_debug,1106,0.02203899720130914
domain_fold,transformer_foundation_models,4,DeltaQ0,1,RGPM_expansion_component,1106,0.040295860230680706
domain_fold,transformer_foundation_models,4,DeltaQ0,1,RGPM_bridging_component,1106,0.0646020312713216
domain_fold,transformer_foundation_models,4,DeltaQ0,1,RGPM_reconfiguration_component,1106,0.37593817375374033
domain_fold,transformer_foundation_models,4,DeltaQ0,1,RGPM_consolidation_component,1106,0.03559391640850024
domain_fold,transformer_foundation_models,4,DeltaQ0,1,community_reach_z,1106,0.057430757856177836
domain_fold,transformer_foundation_models,4,DeltaQ0,1,field_entropy_z,1106,0.004628154795965005
domain_fold,transformer_foundation_models,4,DeltaQ0,1,cross_community_adoption_z,1106,0.03170708122923378
domain_fold,transformer_foundation_models,4,DeltaQ0,1,path_shortening_z,1106,0.01628291661440786
domain_fold,transformer_foundation_models,4,DeltaQ0,1,modularity_shock_z,1106,0.6407243268069642
domain_fold,transformer_foundation_models,4,DeltaQ0,1,partition_change_z,1106,0.17431462614000207
domain_fold,transformer_foundation_models,4,DeltaQ0,1,boundary_mixing_z,1106,0.5416450059829773
domain_fold,transformer_foundation_models,4,DeltaQ0,1,post_perturbation_concentration_z,1106,0.04289228697157849
domain_fold,transformer_foundation_models,4,DeltaQ0,1,hub_formation_z,1106,0.05236282101211753
domain_fold,transformer_foundation_models,4,Uzzi,1,RGPM,1106,-0.1650584059976879
domain_fold,transformer_foundation_models,4,Uzzi,1,RGPM_v3_balanced,1106,-0.1650584059976879
domain_fold,transformer_foundation_models,4,Uzzi,1,RGPM_mahalanobis_debug,1106,-0.1292423932920035
domain_fold,transformer_foundation_models,4,Uzzi,1,RGPM_expansion_component,1106,-0.0739258601742198
domain_fold,transformer_foundation_models,4,Uzzi,1,RGPM_bridging_component,1106,-0.043337694524181174
domain_fold,transformer_foundation_models,4,Uzzi,1,RGPM_reconfiguration_component,1106,-0.21288141859507606
domain_fold,transformer_foundation_models,4,Uzzi,1,RGPM_consolidation_component,1106,-0.0018761740842087881
domain_fold,transformer_foundation_models,4,Uzzi,1,community_reach_z,1106,-0.04281555678577696
domain_fold,transformer_foundation_models,4,Uzzi,1,field_entropy_z,1106,-0.06221925951384894
domain_fold,transformer_foundation_models,4,Uzzi,1,cross_community_adoption_z,1106,-0.000603958829900195
domain_fold,transformer_foundation_models,4,Uzzi,1,path_shortening_z,1106,-0.10591364325506929
domain_fold,transformer_foundation_models,4,Uzzi,1,modularity_shock_z,1106,-0.11391353314233633
domain_fold,transformer_foundation_models,4,Uzzi,1,partition_change_z,1106,-0.15239885761108485
domain_fold,transformer_foundation_models,4,Uzzi,1,boundary_mixing_z,1106,-0.02660260215178245
domain_fold,transformer_foundation_models,4,Uzzi,1,post_perturbation_concentration_z,1106,0.010428412075972724
domain_fold,transformer_foundation_models,4,Uzzi,1,hub_formation_z,1106,-0.018995141437571656
domain_fold,transformer_foundation_models,4,RTD,1,RGPM,1106,0.19006198581380665
domain_fold,transformer_foundation_models,4,RTD,1,RGPM_v3_balanced,1106,0.19006198581380665
domain_fold,transformer_foundation_models,4,RTD,1,RGPM_mahalanobis_debug,1106,0.1970052396364083
domain_fold,transformer_foundation_models,4,RTD,1,RGPM_expansion_component,1106,0.05199064133658282
domain_fold,transformer_foundation_models,4,RTD,1,RGPM_bridging_component,1106,0.06139314077039856
domain_fold,transformer_foundation_models,4,RTD,1,RGPM_reconfiguration_component,1106,0.2791520611219795
domain_fold,transformer_foundation_models,4,RTD,1,RGPM_consolidation_component,1106,0.012001969236270449
domain_fold,transformer_foundation_models,4,RTD,1,community_reach_z,1106,0.033842773419489644
domain_fold,transformer_foundation_models,4,RTD,1,field_entropy_z,1106,0.04620823153033855
domain_fold,transformer_foundation_models,4,RTD,1,cross_community_adoption_z,1106,0.03931667748961272
domain_fold,transformer_foundation_models,4,RTD,1,path_shortening_z,1106,0.1736987479378169
domain_fold,transformer_foundation_models,4,RTD,1,modularity_shock_z,1106,0.2209889284283331
domain_fold,transformer_foundation_models,4,RTD,1,partition_change_z,1106,0.25643553190181506
domain_fold,transformer_foundation_models,4,RTD,1,boundary_mixing_z,1106,-0.10000501626477985
domain_fold,transformer_foundation_models,4,RTD,1,post_perturbation_concentration_z,1106,0.020496604456135888
domain_fold,transformer_foundation_models,4,RTD,1,hub_formation_z,1106,0.021134515002000788
domain_fold,transformer_foundation_models,4,BurtIP,1,RGPM,1106,0.08404565828719496
domain_fold,transformer_foundation_models,4,BurtIP,1,RGPM_v3_balanced,1106,0.08404565828719496
domain_fold,transformer_foundation_models,4,BurtIP,1,RGPM_mahalanobis_debug,1106,0.10428671741105965
domain_fold,transformer_foundation_models,4,BurtIP,1,RGPM_expansion_component,1106,0.024992223028239034
domain_fold,transformer_foundation_models,4,BurtIP,1,RGPM_bridging_component,1106,-0.022546741086817527
domain_fold,transformer_foundation_models,4,BurtIP,1,RGPM_reconfiguration_component,1106,0.17937082187688583
domain_fold,transformer_foundation_models,4,BurtIP,1,RGPM_consolidation_component,1106,-0.032397146970712706
domain_fold,transformer_foundation_models,4,BurtIP,1,community_reach_z,1106,-0.02474942760255103
domain_fold,transformer_foundation_models,4,BurtIP,1,field_entropy_z,1106,0.025189273922054146
domain_fold,transformer_foundation_models,4,BurtIP,1,cross_community_adoption_z,1106,-0.019803979060785598
domain_fold,transformer_foundation_models,4,BurtIP,1,path_shortening_z,1106,0.17373357237116704
domain_fold,transformer_foundation_models,4,BurtIP,1,modularity_shock_z,1106,0.19449540128955337
domain_fold,transformer_foundation_models,4,BurtIP,1,partition_change_z,1106,0.11373001009961912
domain_fold,transformer_foundation_models,4,BurtIP,1,boundary_mixing_z,1106,0.0944173222979061
domain_fold,transformer_foundation_models,4,BurtIP,1,post_perturbation_concentration_z,1106,-0.028094252839582126
domain_fold,transformer_foundation_models,4,BurtIP,1,hub_formation_z,1106,0.013876424513311395
domain_fold,transformer_foundation_models,4,PDE,1,RGPM,1106,0.22067836503607277
domain_fold,transformer_foundation_models,4,PDE,1,RGPM_v3_balanced,1106,0.22067836503607277
domain_fold,transformer_foundation_models,4,PDE,1,RGPM_mahalanobis_debug,1106,0.1983718082547427
domain_fold,transformer_foundation_models,4,PDE,1,RGPM_expansion_component,1106,0.12422435907827269
domain_fold,transformer_foundation_models,4,PDE,1,RGPM_bridging_component,1106,0.11751155068057391
domain_fold,transformer_foundation_models,4,PDE,1,RGPM_reconfiguration_component,1106,0.26542417399020257
domain_fold,transformer_foundation_models,4,PDE,1,RGPM_consolidation_component,1106,0.0020411748111839384
domain_fold,transformer_foundation_models,4,PDE,1,community_reach_z,1106,0.09248195985077538
domain_fold,transformer_foundation_models,4,PDE,1,field_entropy_z,1106,0.13001104159865626
domain_fold,transformer_foundation_models,4,PDE,1,cross_community_adoption_z,1106,0.07255847352814002
domain_fold,transformer_foundation_models,4,PDE,1,path_shortening_z,1106,0.20164044456624233
domain_fold,transformer_foundation_models,4,PDE,1,modularity_shock_z,1106,0.15765927873177193
domain_fold,transformer_foundation_models,4,PDE,1,partition_change_z,1106,0.22172304279568628
domain_fold,transformer_foundation_models,4,PDE,1,boundary_mixing_z,1106,-0.011838994246795015
domain_fold,transformer_foundation_models,4,PDE,1,post_perturbation_concentration_z,1106,-0.010142525189825759
domain_fold,transformer_foundation_models,4,PDE,1,hub_formation_z,1106,-0.004457905772523812
